4000.0 3000.0
1000
1855.0864351555974 2887.1454212435133 24.66993685416 1234.9666310435657 y
3168.2724484179 2442.1407600894527 31.662722811299496 53.329719229121686 y
713.8993219855298 1541.66157074717 44.99347052526277 76.14897077718784 g
2426.1718881944657 2359.7258357327864 39.99797347585732 157.87404951874794 r
2272.4217315327564 1640.8567123658647 18.77933239915075 135.96800736582384 g
3897.3139353192146 1162.3100643500159 18.218856211564166 95.57697540123897 y
3507.6499020485594 47.39907129647969 21.964960646708885 101.25956321863151 b
1741.8707555258043 2246.4429430168043 16.115809370945517 146.05582443669647 g
3482.876716146827 723.3958193903765 40.45004273159608 164.08090591564024 r
2842.3144756474017 2111.79674294852 28.040134196046225 94.67548367012762 r
439.01138480339876 298.01836600311447 28.04127573478155 80.57498673130428 y
1613.7692538487966 552.8770420915664 16.30369167928765 101.92991728904863 g
1367.2609027402207 2464.504623059833 29.1999449297898 140.83109385995044 g
2577.30339955747 2025.9652621862922 32.58501815926495 129.94687682861937 r
2446.3137863352927 800.4401650463496 20.244177884888114 85.1051028570588 r
2149.2851780075553 1124.8863010997259 20.790470866075502 127.2356387856507 y
2297.149736422926 2819.9116485330474 31.831590784289062 46.95754301381017 y
2099.929048653308 2849.1966869833873 34.32265356403118 172.59310160855986 r
3008.6025191333124 816.1266269737292 21.22059659836249 51.62895294025752 y
134.15528691262813 98.38471337726784 28.187419075271947 89.449627612351 r
2886.7990216825197 2803.0938182905015 38.74401650992965 150.0744499211632 y
47.88994711348637 2575.678495905299 14.067864393267909 145.5276024767004 g
1881.6001967388227 614.9565528271321 28.24886275250028 130.93458795688232 y
912.9285631386406 2035.054013180423 14.677480247969283 73.07686971774048 y
1643.1695642878208 1971.5743308998763 45.03268495208698 132.19207173914782 r
1743.4899783973829 2555.038022032727 35.36708512264505 162.63679964096707 b
3161.7932262852346 2068.9452398799576 28.717719511341073 60.238071100877185 y
3097.584089049867 2272.898960210613 22.66737196630139 79.27411622023396 b
1944.0766755896361 2003.0638694640566 43.33763505365195 172.65103150764338 g
66.3194450779443 2762.81989965402 9.349656300535514 50.859083198509474 y
1678.6441724056792 2085.8075868256933 30.117814874854062 111.6797310169203 b
2202.8417855599496 2181.7950884012616 12.363732986476824 85.58954321728794 y
3393.217704368428 199.8141030672087 10.612773213961367 116.59675940803966 r
1311.360109191083 2375.7532427255824 43.35861809212287 109.5414886798039 b
368.56751762615045 1162.1623775448513 32.35342023245487 114.62801253303272 b
1057.2481414173587 1873.3107744415393 29.52665339429099 48.39891754793995 b
3583.6953687877876 1008.5224210669293 26.957404369490696 104.47537059363975 g
55.19608549207433 97.79627687490633 43.09489506635219 100.73219284342986 y
1286.5730813106495 195.67102979806072 17.163284512656197 55.758422994684146 b
2683.622783462626 2470.0997264582998 25.727754096434253 74.33826271116828 g
2467.1746931560674 596.5504561962254 14.774736925806744 171.77482130996373 g
1362.3590694980753 2746.731982812823 17.930921943529633 63.38590054146071 y
3739.792166283781 845.4179541733995 36.89556770291288 100.86337385667423 y
2968.145352740407 2330.6800633659936 27.14910081426467 172.82573994629433 r
159.37286304121523 1489.7659554332454 31.933274147744164 155.36270373369166 b
1882.4029326659618 1012.1927999419746 45.00252630417676 161.3958431660377 y
2440.6299409307485 2439.7129796283493 22.538200575309226 74.42871066289588 y
3953.075702636767 1699.645664866449 32.00879141311504 145.11520109427858 y
2748.618800794082 2883.652235371109 34.52617088306962 53.37277788193056 g
1477.223555298031 1878.3712798846896 13.0274653120352 175.00178918465537 y
861.628978412178 1367.413143757909 35.152058596548436 183.02262687532448 y
3157.4930097326296 1106.0507829909848 18.61060694161835 79.73490136898087 g
1159.5144438824607 220.53011572650095 43.532750606349396 51.91923185571898 y
2637.683897476587 2495.158000819833 18.446101172981763 126.34202671240651 y
1698.6224501189615 1865.6205342089786 38.34939366076877 113.92058331602296 b
2310.5693860934666 598.1949326559123 26.780938398968154 139.37088939194211 y
2576.9956866466287 484.58558247199977 19.90192118329432 95.49813397093399 b
3542.8250665342953 1788.7460545523093 31.553932181977444 174.09455283763361 r
2946.3195069462245 2141.5424875105045 17.565306146529213 99.14184307327025 g
1445.0397957807954 1744.766397982419 21.11928704450439 92.26370467314317 b
1229.714725561484 1857.7321062378119 24.495797909860386 79.78776245383254 g
3806.4845433102128 1231.6688750737578 45.58575852869376 53.772732299787826 b
2185.589413313238 735.7792603363408 12.433171383704048 67.91982966401108 y
1800.4304981591065 557.8018797559954 37.79942313928434 112.3433683304922 b
2534.9554454516965 752.9880538339343 37.032524462946924 135.5264397940869 g
3203.6384395590494 1916.8486890714696 42.98249296436886 179.28946540541307 y
3634.079363444082 2092.9700143273076 23.80487008700654 150.87117608363044 b
3246.170139645355 722.2395288304067 9.744930800605227 111.27276008696442 g
2374.5168418601315 976.0636279212615 43.2763267327009 155.65235379405615 r
3465.460167631997 1535.2797883935723 40.05805728151692 56.18076365608404 b
3181.0560934963287 2246.2620631378136 45.00737420658069 113.37858097037535 b
2167.001484191903 1824.5591338206375 24.842331698859212 88.74143758075675 b
3830.257824268723 1620.5375911403662 22.759324398991936 87.33460108217488 y
1352.3703173810645 2802.549722504931 35.25159965518183 139.8220827604177 b
759.4459285623886 2788.6729084369013 17.00163025644225 49.1239012336868 g
2388.2693307196687 1957.7530925380586 12.60465062605616 49.10637781556109 g
45.06402086958783 536.6938634639063 39.32213363254632 108.7590715726875 r
3735.440391570813 2395.8941987132835 33.79620930917947 57.87633832787514 g
51.100880819092254 288.4488739964678 14.905196005669666 177.35711273053067 b
570.925467118692 2346.8340786548815 38.36855235537293 148.70258061734228 g
3740.1710462956567 1116.5435431770836 35.90686165562178 143.4305431656016 y
2665.6534924718167 2830.7583386921815 18.32692099391398 136.82378249903877 r
1577.2024472135877 369.0199800559554 12.894432814706533 94.44053641076479 g
3249.387110848322 420.8622561688977 43.521612244383675 179.10102565010084 r
1536.435045670136 187.50127476690437 33.96974099134534 84.67893094210979 g
977.9973855421601 2170.9635090794945 33.11779274802815 102.84495765068112 r
3147.865733933722 511.7248348613257 13.313768688216657 47.42380831333969 r
3738.0054076849574 1013.3850683121622 36.773886608088006 84.39070857836938 b
2218.4754358481596 1219.0315071796651 38.80209885904526 145.0166167635117 r
1606.0698511823527 297.0716812687636 43.076086338033186 181.6313399634887 y
1519.051385375636 2501.155006210228 32.9377378000183 93.80128952548564 y
964.8740934607764 1444.3859072514024 32.20665785184933 53.30618695423145 b
202.32786110127333 1372.368860929492 12.94416142253922 85.07767482670509 g
1013.5868641754646 1583.245473825056 19.03581011072427 166.46852998970468 g
1271.6553600709676 2772.563244122646 37.994586452726786 166.88085542295508 y
1173.5128787315693 1384.2460207994213 41.5093931737659 60.40605252091569 r
1581.8409933857045 2615.241371941525 45.79078349472439 105.29039767121634 g
1785.3845745633828 1425.2739611402735 26.869669879332278 72.15691290395335 g
427.74859142084944 477.53293058890875 42.423961013428325 91.07032469980348 b
794.1194359257744 1050.196684975474 43.82870156741422 112.19500769344876 r
3322.789513996448 562.4982613748734 37.712015344579186 143.78840634739862 r
3900.036521804571 295.75848969412675 40.146267792331706 52.45373760844809 y
1749.2277853263638 2083.161075422217 10.64499628708681 67.79874895931182 b
2643.7925005523953 416.38984323409244 27.186449478447365 138.51662842582454 g
1840.9590417521433 1649.8766338541402 29.600929182683082 83.31031857748195 g
2541.3361010592344 400.8598656597956 15.37238837599256 172.2216419650564 g
598.634742018985 1419.0545643496919 21.034771185382127 106.79354093779422 b
3479.1654303060855 2193.969230326434 27.908391445987363 132.16683420470292 b
552.775055923949 1277.8666986076844 17.31406310599438 166.29124752572613 b
3560.3537561118437 2882.32420539238 45.8293810363161 126.16162347139449 g
3219.683766812438 2081.9751179890704 23.725208765594104 96.78743825924504 y
2416.427464691819 2667.267785969035 34.64250253649606 81.52321910914355 g
3718.4832542586564 2574.2043817032113 34.02167009191635 177.4026431880505 y
2772.5261633845325 1281.2021001433643 14.258082813476921 84.96989598058794 g
802.6338957221415 1751.0124754655612 41.83805292220935 64.23436990742474 r
284.77501492303014 125.53221608040421 18.022741110973506 113.41057326294366 y
1935.4630250103112 1111.9497550946792 45.392490903965964 173.45701499160685 y
3172.4155653101016 2536.7610654305404 14.19830602859603 87.47026865249578 g
3849.58509430961 2551.021920280912 29.17352862752334 129.9354146856126 g
2338.4608978277925 1445.790139361787 29.024828497153244 131.44665849102097 r
1631.4783135485554 1443.9260974662425 45.866711234949925 162.97586414832608 y
1478.8125406206518 1386.4140872300743 15.159752717011703 107.51679971260775 g
667.1556642676442 2419.020137900577 38.576710710169216 52.55938030959105 y
391.5885007220639 186.22985135269488 29.142539223990056 47.18597282324419 r
2106.803129969516 912.5480234268632 26.45961978296068 75.96418449379138 g
3518.636682154077 2265.6465840074147 42.50907439679476 63.09471793271283 b
2249.8823486828755 890.597045560717 13.987286872772653 151.5067670569032 b
2456.8276929447597 1654.3311566739392 35.20042973340854 139.12729543294188 g
1157.0728302293828 2239.8338388868096 21.89133880488696 164.45414927911048 y
3887.517002867886 834.8707302063256 33.11271393059601 147.7713022215206 r
3480.6158218762694 2490.387619628404 25.3473482543465 137.3481057320468 g
1998.8622474071872 1975.5289619860453 17.264573322273158 171.5626668491648 g
3416.9660410432334 1597.506711404631 13.251180465639226 178.49035560325353 g
1598.2428930860087 1320.762333361478 20.308818552948665 65.53466849969244 g
2693.7511993232197 1354.8237291960259 41.33454558127311 80.14803773806915 b
3541.0740220724633 2784.2932523669274 25.96762809342492 153.39329688926227 y
1705.0781805164381 514.9002853374179 12.324955434892201 99.16283218470923 r
2780.9646860658354 1037.7679385212 16.80918321073589 63.78082486126655 r
1200.8515103645334 577.4359788798162 39.68444732378532 59.604045711533296 b
3636.268833282091 1706.2443577979943 29.89884779431349 97.98878458002125 r
1525.945255947499 567.8271549380556 35.9746362193259 153.01694081448915 g
2901.84735543182 971.3452349659323 38.40089688179673 170.27530907130023 y
1007.3790028781398 331.1254904039864 10.334689489874732 97.19821502376723 g
2916.3334783106616 1108.3510617927031 26.941298071971268 174.29173883470474 y
3015.5110145769613 2506.2376862534857 25.767694837277638 46.092972419380146 r
1920.9496175758418 1598.8405975343912 16.20670105959256 149.35416748711265 r
3466.4782792073784 313.93266100553916 30.323235638284075 87.63775919703386 b
1165.2600715042443 753.1767685247821 43.50322382957542 109.86538845766614 g
1235.5161651933977 1994.8301175156728 43.51954975496887 175.64260690908657 y
1591.5624621892314 641.5805872859656 44.11614347181172 93.50234983045092 b
2483.1367398547814 1276.7602997912616 38.98544595485067 144.9486682943146 b
2299.08587147443 1252.4043697420984 27.7605649836429 166.1540306319631 r
2645.5873053981654 1004.5710599258622 9.965918749134989 143.7972066597115 b
1894.6352384022282 320.9110895368781 31.820078893188295 98.81816404850807 y
3399.4636842342484 2868.782564532089 23.905597801712737 180.0800659221137 g
1226.492320769616 2191.4737872130686 16.39530810300022 119.24811050692445 b
395.9825929127572 677.3583263339003 29.147766812672252 113.31798191013964 g
321.35339900240155 2107.0970940207453 19.90967586661703 131.42501959551907 y
1481.7436099477432 2407.0696057427394 35.566461833645974 122.57720836719263 g
1373.5784744854298 1184.0437236861121 24.449199358554473 119.92822924957925 b
820.7742454154601 888.4556393229807 42.85544150557531 162.0756631655433 r
1537.287447543732 2696.467118475359 39.78391415378175 131.1597808377602 r
398.34185133103483 1306.3068684777109 30.721700624525717 68.73205921395522 b
3032.7243941741717 957.4353376037087 45.29028515589321 73.04362603393585 y
1401.3003079451423 2300.598085995263 16.239447223029657 118.84771320463707 r
578.161725126674 2606.9969037235937 30.715137134896565 77.51429173837161 b
3690.628277304537 577.8540182422649 38.71923011099254 105.84524052293884 g
1296.2153058556255 323.55265912259847 26.293450930074876 149.3563836962246 y
544.6711647897406 2932.898833068897 43.188895096305245 129.3579061009645 g
2198.3001907377325 460.5002742315164 30.289865511773 66.4441866252717 b
935.33833711437 2339.597066516643 13.167703093597664 49.74127541914915 b
1033.3399969666561 2063.454053345021 36.57611510788594 155.08298073882304 g
2755.14497400707 983.676316974422 9.375904301808383 124.61339806211485 r
1227.7408120598511 312.0312330395266 22.01581072463464 158.96145577076524 y
1078.9947161680761 2929.163997844609 22.38041866216696 46.751368482034394 y
1577.3149194053162 1527.8986951453812 41.52020131694181 58.340992312737654 b
2721.2162977164016 600.5915841387289 36.723104448978106 75.07278235140569 r
3298.327990217567 1814.204551650107 41.95979598821907 166.03394606843204 y
2339.88280949401 2472.1916004715627 40.819282175705716 73.45248465412845 y
2680.0398420052143 131.83060292772907 29.709109781582143 58.96800025690682 g
3663.8580687372482 665.8203375015464 18.290484015417682 108.18440866577347 r
863.6177205796791 1270.4862373168648 15.770930240478684 59.98278857925292 r
903.9184010543609 484.9236228251792 11.410904481034407 125.15060540782655 y
3825.8771502295062 1356.9919135048046 31.424978957326857 48.37368607512917 r
3635.6942718531986 313.8040528180789 15.457394371116024 136.78827671021452 g
2090.3949705463574 1867.9283460533284 42.73086141342427 94.31994124496791 r
3179.0936257704043 1583.7786536491185 42.26907221324172 104.5115183446901 b
2874.8960997232202 2490.7615299058925 38.849698049003145 140.51207082321514 y
1656.4821044628832 2910.1964953676006 12.664487143910499 81.92019025054313 g
1875.7165125221106 1279.4500889711471 23.532643344411944 82.44161551567137 r
162.15169615430725 2421.7257205854607 45.67525070220075 162.1927027947806 r
2949.8154192565075 1209.0904597889778 27.545352977450342 91.30903875583124 r
293.4781820403014 511.6754422018113 13.317204407739084 155.93340461145465 y
253.51576352067485 2505.428661925692 13.772310232049758 170.19368950804605 g
503.05952097101425 1996.603526080432 25.933904354545078 183.64116270919294 r
2061.5424426258 994.6901241026005 9.34461929189765 178.87998531402275 r
3274.4070475090166 2406.253032900081 15.251281065772016 127.63914103403766 g
2807.8460253288094 2601.07643458073 41.28828856229091 63.70031040153499 y
1335.9738556904865 1148.4455701912093 23.23956245489247 74.29622080497057 y
155.93936738877102 2015.8816500389628 35.35082572983472 82.33287475622122 y
2276.5443545832345 2250.0211818812904 40.00709858783194 158.54300691700269 y
1837.3649997402372 1882.7243175484657 29.36988929431569 137.40295110263054 y
2209.356259005681 564.6433257788593 9.347547400626777 183.1544709863217 y
1877.9424640821976 705.0893659256702 43.23091405978566 76.60477818367741 r
2288.224437879648 2391.737571706844 28.8553537494232 164.47084235329675 b
669.5139995931281 2742.4827580969 35.88666113268314 78.91707564116447 g
2185.8220407538097 2538.9032600769706 18.846380740418624 164.09906225479182 g
402.5200152856256 2091.200739916349 25.801084102562257 161.1204583590535 y
2198.6111768417163 1055.5199356237783 39.86488973528734 88.83428631495528 y
3818.5404735647144 2114.5907531575217 10.306113853815202 97.32905696031406 g
3538.5544881947276 1114.0241095262472 44.113340830276954 115.5669109731623 g
2975.6862854750084 987.1006506600284 16.48295521699636 75.7018310176211 r
2835.247192323112 2926.1723782944105 23.10999216319805 108.36798817404518 b
3514.2995458248297 1636.9150543187575 23.897194369496688 89.51517698045859 b
2123.9880444040236 2683.890760874261 33.474456498725274 168.58010122261595 r
997.7292951198078 2658.543108911271 11.371749205801953 61.42558874939128 b
1913.651728186125 1685.3101466277342 17.10444018149288 67.4754069705216 y
3402.7668093770753 82.59818420172182 36.40986303908932 147.87344025938864 b
1427.8077408368697 1592.6864430812818 20.380206496409585 79.40470507274442 r
2883.3861156489634 134.6614857597398 13.087121382473775 112.49395441599668 r
1765.3454016128128 426.91025666215586 15.545109312395377 69.03434368899615 r
3942.206085795849 1227.053056558223 37.640558717575544 126.33519730072118 y
2178.401130821448 335.32714523371453 10.199821232399382 98.64973704013676 y
539.7929498555669 2434.6309239880943 24.46617396603333 55.66762435811479 r
3081.49741018836 191.02720536654684 33.58569349469081 69.19517068431061 r
1112.5700160398546 2857.8396396389408 33.193838250247794 60.093286441520306 r
351.6414330988611 2914.5600087896605 30.786532265952665 126.58161373083054 r
3932.120204843657 2028.6239552148834 32.76728605654511 131.05558426238883 g
422.7406156201106 872.4333342333705 33.16096395827925 71.49067663664553 g
1064.0663291043868 654.8179822316316 36.649142623689535 139.2787426954037 g
2390.373691857716 2534.9116699423525 25.643900452943626 65.87642236993995 g
1986.0730618532739 1809.5637822180736 40.63829562200915 61.21833364178233 g
1909.7270189470498 1810.2691075640355 9.806428873954012 56.34964436092959 y
3266.9024073691135 1231.106713204081 23.184395282339686 56.73150620363925 y
1369.440892933425 1597.8488932697435 18.65280728243969 127.30013533628308 y
3012.5560151131435 2735.684251403485 37.806331409499336 81.76386487434604 r
3258.298834123315 1700.6170178094521 14.147184943055336 114.27423493870495 y
411.8919240713077 2493.1176341968753 26.16420988239102 142.71429834830894 b
2072.6712165742715 471.1891675052372 34.265763097980624 125.7436609724708 y
3906.860476569682 1772.1487636606855 24.622424186612495 86.10463999076745 y
3926.269581126557 1560.9246085092902 27.963218456026198 107.24371233850118 g
1806.0085275692356 1266.429999110222 34.08131114153926 125.35794257437225 g
1245.9405766282882 347.61808616563184 9.206738107041842 168.32001052623335 g
2634.266213845404 2678.2882565446885 38.52056031361346 131.64906746821364 y
1318.787941933599 264.49224080955133 31.28226147238358 89.1767775092496 b
1338.832219116117 1792.316618332131 43.35163726150706 120.95530098855095 b
544.9804687985669 1061.133249112044 35.56314633139923 138.81462536310664 r
2392.5460636739354 2033.790594617921 23.129627442911584 62.94594607406724 r
641.355284677521 628.6166821753585 17.856678702652736 65.80231317615247 b
2025.1260441988056 243.8741643338047 28.46252380073743 69.14725601662569 r
3770.9091822891437 2486.872688167718 10.744021004416187 53.297946027740466 y
283.41849828798706 2715.5142550073447 39.74005945216646 151.81350315778496 r
3382.8578979648164 267.38832299698635 45.25866193963846 151.15619982675037 b
1078.612607176043 778.5269183253316 13.452315294441366 63.95323430836385 r
3213.64384386829 1247.7597931093162 23.244579423832953 158.9642089213122 r
1000.1102839264848 1156.5409793261692 16.208294212595156 62.20963547768167 y
1124.1925883289414 540.6392725992587 29.384669886157738 169.30905736845423 y
2241.641645122783 2795.9909625157534 11.87002041480001 150.91361501452081 y
1364.1300450667004 2628.426797983238 17.505507062678426 155.80466127095855 r
522.8260907137887 380.83550374112343 12.163221165096434 134.5849258114718 y
3387.235095613926 698.7633516575305 20.000773296230626 183.0868780290424 y
626.2375164621932 2004.6516886476925 26.454925586529747 155.02477461681653 g
3507.999876670234 631.2064340985401 42.50004497394802 68.4101749198895 g
3331.873699988406 2643.3564869259108 22.904053395724926 119.57475858233951 g
1922.21606932311 2689.039960867183 36.78191895983258 167.27701779057253 g
582.3257709815723 2790.1515859094247 29.680846131434038 51.650189615227255 g
344.69298358915614 1859.2999762342276 31.796091638161478 90.6923888768931 g
3077.361016830944 603.6605101058788 16.981016742550622 74.93134528734059 r
1537.4767182856601 1899.0913424877285 33.82158901903511 74.83027515260733 b
1321.5601905706405 1254.0889978784476 18.0030595999949 145.40506069017118 y
569.6638074055786 780.1330170298329 12.179662085330017 166.20394864324822 b
3270.9127688219073 167.2869885116185 22.969276710202603 139.84023907553023 y
903.7273680100309 390.8043707591209 44.460618001270646 126.76482783468703 y
3425.063239286301 767.6553283289304 27.035540390646737 55.10560221322782 b
3459.8660881053925 941.5584937017944 35.790580720179925 139.81774207934438 g
3873.968180058744 522.5588165258188 21.126369160600724 151.28038346386847 y
2870.6859102760955 2223.4095030413446 42.74062162949375 60.00115084631265 r
333.40757091083174 419.970753678236 40.045027398118954 63.98124173639091 g
1634.8414262097574 2319.5924661490803 12.05402237671987 65.78670768352191 r
2203.4981172295056 814.2567958429163 20.702153666983016 54.548814898383625 y
372.7371911526025 2298.5400394425806 44.02094084848216 65.35932734824851 b
1412.4929406643646 862.6926504998657 19.78300363870369 105.83655191258853 r
2392.7441368652517 694.5980794522723 45.63144263325428 75.62798976325557 g
114.83240712775267 939.2568941663246 35.97920194426416 170.22669017388245 y
3873.315995776566 104.64544256568387 26.76539586994319 136.12048724325717 y
899.38568879337 2529.7942211537384 10.450598335533913 107.72420004205551 b
2412.281907248391 1928.7852220390207 18.430885540542256 96.28741522481556 b
1489.3820850831382 1927.9965703636428 11.624856662897058 165.6221794502926 r
1903.3691239584618 2198.4439750355423 45.72480595432607 59.404011604520065 b
147.906795504972 310.52627644001495 24.607482795674244 178.59345115402232 b
2056.475906104961 2242.072058521298 30.247910776543094 176.21594859624116 y
2145.138171882445 292.8785636772662 42.6916594129451 75.35432767237683 r
3130.1578196170667 382.0811388479064 28.098152520794486 124.57083296782133 y
930.6512941922857 1557.8736321055828 32.95586450519206 51.43079566926956 b
2570.0912474571587 1017.0861175513626 35.17553782365018 69.89576880740997 r
1408.8877510569166 118.33762071012377 29.270910189740448 181.93510572337067 g
911.114855250767 974.3538433811113 42.14633322784936 92.40857600562009 y
943.2288444368302 1230.1280035660745 19.51697031216933 139.11237279197394 y
1850.4269479151721 1466.527115481608 36.21672293242839 166.17405670598652 g
424.51716538431583 1124.1572626005834 10.09202288029438 81.30136357405428 g
1437.8046021440566 1113.4561517360626 39.483349700660426 122.31824433266937 b
212.9718199916737 843.9011801021287 11.381791409448336 53.7232881416709 g
920.0510977741376 609.1286439752413 32.48644333616454 54.80101454671318 b
2944.8763917912784 449.4741030074627 44.085384238868116 124.06515609665081 y
3153.3183547070284 1219.6535993349403 24.12557813749764 134.15530080723536 g
1514.628379985788 342.82241377483837 44.81096774180991 177.8025870799235 b
970.5809235643876 1713.9315145173075 27.459718992492824 89.9731561426571 g
2956.240146349972 1896.6846713758403 12.842871423141595 129.4402980243031 b
2329.553480414229 2597.369648493122 11.602094742353003 50.685319704768325 g
1078.5534662101245 2739.018727210828 40.101933584194576 132.091091437657 y
2892.2202448498397 1425.304281203324 11.864371984918222 61.67781893533055 r
1290.9546452679187 1482.7542270201097 17.594879034477053 172.9107013326729 y
2650.994691282161 2776.7480968538916 15.979412991586265 123.34033800342455 g
3307.2604014251456 333.0315116297905 22.57842097492373 106.4407669436634 r
1400.8098530204336 391.3534699083928 40.13833718242443 131.83074974354412 g
2427.2119427582957 1149.2005027447585 41.58590208643115 62.92146785952391 b
1650.3640321455496 1054.4523091500132 39.01243824223617 125.51703585384453 r
1267.2170781337045 2578.525657969485 18.612505755658873 157.76102387177946 y
3953.262493462505 2208.5413800936753 24.98642153498579 122.55899252129927 b
3083.0620696200826 1522.8053305103454 29.064092118843277 75.16878659229252 g
1296.4679088945009 1383.3184774589852 33.789434408398876 173.68572907155783 r
924.7094301211836 2089.6848212181767 27.157013667934066 171.5576490494929 r
2755.461853499641 676.1907828173773 29.086146770959985 84.99546604596568 r
755.9409612213872 1195.0111877057986 36.162082889686424 119.77879908598027 r
462.19470979610924 1598.8813494912365 40.132809664386095 159.35262040317474 g
2347.113020501979 2646.1112411626596 28.60564840114086 103.31150675732947 g
3289.846551139515 1009.0702382614754 19.962632383645598 65.85562777202789 b
1761.9062893865519 303.35987487122 45.66638266841146 169.22654537657735 b
2423.5599663477133 1556.225158591737 39.84903518599908 112.76977262916994 b
2598.0279917045364 76.2474345134877 41.86858729457201 181.68779159605253 r
2047.5926580583796 681.2848132088969 21.449301607925186 80.69006549251259 r
3690.66176320051 2040.4219720534104 35.00925410230915 148.80223955256486 g
259.9192903808136 2890.3168504074274 26.969076227144427 63.253231059761035 b
1877.5471979688114 2654.227570609087 12.107735968279965 142.42602395201828 r
520.908885154975 2206.38206253436 34.12610353482323 175.06165345571645 b
1559.525451594045 1126.769908068255 15.474352172369422 182.75668602631964 r
2425.1979026268964 2478.9384322426395 10.98372089454316 176.19498574943856 b
988.1941753985233 851.2153150777748 26.307600302490357 129.038605347094 y
3389.487874524941 2078.498708720912 17.843798462109625 110.82496038948592 r
431.5870662054415 1980.1155400915566 22.610769616303912 47.652873003606665 r
3203.4451385735038 956.9464053769676 14.284820294563202 95.33055147145117 g
622.1049359142086 2919.033382040332 29.641191410663666 46.94306036445643 r
2793.7034918706563 473.1960358454795 23.263249097891716 66.08885274548959 y
539.7990697763527 2298.2668186889364 16.02666048183773 59.61246229673586 r
1191.395841696059 2798.7231341388792 29.051220350975676 149.48730699404678 r
2045.3161602531188 892.6837178363779 11.8510845955185 143.45005573748944 y
2875.2069572096802 1455.006905203898 11.92450798540261 94.53777471946003 r
3444.838197029341 489.549562526413 13.681654212830509 87.4995744449717 b
1072.1321591009532 1168.2993220902872 35.44306780932318 97.14755394588988 b
2399.337636290733 551.3594504775617 29.16496817638034 52.09703985723079 r
2226.8075768759986 2214.7839693705832 17.728173010839075 123.58900060634738 g
3199.6323387209936 1708.5237201170569 21.530642916606467 162.94552469515492 g
2519.463620730562 211.38736041601658 39.57023951965781 102.17030948346488 g
762.5889765289658 2949.340475850254 34.77139673348289 143.08800609307866 g
2251.1259142443773 432.9760456672712 28.049969212262653 124.47269457283333 g
2660.441849916609 1099.9601040364157 36.14622462475209 136.39019424996408 r
3944.9530373284556 581.5288884090321 16.076314812828997 107.92921964113674 b
2866.4157471103904 1279.3480076338374 40.83391786911017 76.92475916400862 g
3908.6690253056013 2796.7640268175373 38.032945673741814 92.38111225187296 g
3589.389893638466 1194.8460758190608 9.755406001544692 58.47535678187204 r
2834.419429252602 285.38245298626583 21.830325278249568 55.78543290471562 y
387.7949867951327 1068.1219586554591 41.74698911285772 138.9257389521085 g
201.99469243549962 2341.9502846033693 33.706562395918766 96.00556592367197 b
1607.0559558036357 797.1862644209743 23.87148612328121 66.28616932518543 g
2011.8837810409725 1497.8724734501675 38.14685084185607 153.18878259484188 b
81.1880877275879 1121.3539691138144 16.339205675530824 134.66661886610387 g
800.4824687652055 1586.738079603822 11.344236326716295 88.8784075851784 g
784.3666494762477 2656.689034497734 17.94065530284304 175.01120063088268 y
3040.1176221661553 1733.066506989903 10.945243049773014 114.09447621617572 y
2028.288599787254 1144.0831595108864 21.190439227722184 99.8092156379196 r
655.5466991855701 1189.629487466166 19.309084583593723 125.73739950376759 g
3705.5192195923228 1678.9674790515758 27.723114668044943 137.1042547799982 b
2726.6729219643526 1781.2117118751098 27.407731163103946 136.50660569475082 r
303.23511837053064 1542.4863226098532 11.852886610529506 178.44533872936933 y
2080.9695507605475 717.3085360582652 17.11916779121779 90.46382309613324 b
2168.641978988154 2261.280782428869 33.98889863191851 136.26359323834225 b
291.76382989696094 688.1834018260132 13.681860323142178 124.55449936101776 y
1719.7311288745984 2751.4007525108946 12.681322730624972 105.3076561232753 y
3257.0083085142583 635.1947471975823 40.17895178968225 74.45795294315408 r
3796.661765791294 48.684884851789235 38.354560954173174 134.24129482703347 y
3770.604495958176 1321.0409542561783 9.679343458496326 174.2362750046135 b
2043.881409888754 352.01847509851126 36.25961055130012 125.34402856996725 g
630.2990512431768 198.9651404589533 22.10932682107873 119.70513500677235 g
2214.661048132652 233.08714769143856 41.012775226410376 104.57745692574677 g
1765.1825740546112 1813.8954328660523 32.2028561907472 144.40060139034193 r
2118.6328052756344 2282.7638288771336 12.761151488952635 159.67386756332724 b
1196.803105968803 2898.177589301768 31.538470015186448 133.91898713988044 r
2765.699145540979 2511.678597799153 26.29646257029968 131.87234739448184 y
2012.3859194654465 800.3331489335825 26.13887091839544 170.45065528052262 b
2753.4063654503652 238.96777498645005 39.919814141973625 182.18142563152804 r
3174.6890071863936 2834.079287516135 45.82984302669768 87.58841962380164 b
319.9808440149683 1434.2303203826473 37.752210208264714 155.70924793239166 g
1740.4862891492949 2504.734120544877 9.44618175368889 104.53530089285348 g
3218.434876519822 1817.533021473432 33.14631539821597 47.07279636124402 g
1253.1081156104506 1571.6400235924896 33.136717333059494 99.42726118595576 b
747.308866171188 742.7256563457527 28.048383710807904 116.7480452732058 y
1198.1831595310393 2173.304493169074 16.797167983491835 120.19781616512735 r
2779.599324660276 1504.9546656922257 31.943948223161073 127.76417759642392 r
3751.2100061082215 2881.572030092301 42.728966734014676 138.93691948639798 g
738.4587289952078 1453.782695387917 17.64268966594858 142.9208533628696 r
1640.8171990360802 234.67868039472995 21.06271143351728 123.66139703144606 g
2760.2789906614626 2324.2234119320947 45.7587369869312 182.33415540312245 y
639.8801503097812 1064.282437526647 13.447311574817663 61.06089416896979 r
1767.9053815081857 1111.1813722077527 39.939815048137746 130.98466934984674 b
938.7258449116885 1681.7206851743224 17.684580279304893 70.72552074744297 r
955.515247544477 1320.258629627842 26.065481730903592 141.95561679280047 g
294.89717047030786 2824.429751050461 45.364664134372944 115.0388181057575 r
3593.8373056589126 1316.995923795793 34.31558749897749 115.05892477482124 y
1157.0687463348124 2495.158884244392 11.866395506432614 104.50729460487005 g
2024.6927060102098 107.33187234494879 13.682661536508022 61.51613703503173 r
3907.6989054796027 677.6488194504572 12.929228479449655 60.27726196967804 r
3158.539799090928 579.7683987439532 43.82204118179501 49.77903858414921 b
1304.4634752758543 2459.2808340137453 33.26068867797992 171.97794008516559 r
2233.8609656391777 147.18386091186554 10.501639604653317 105.20682707687776 b
607.7948604201544 2127.462463869635 37.01335292771692 122.51714930932737 y
2210.276284340007 964.9219505463359 10.142039251884771 135.84424130461886 y
1048.4991102105012 1711.650117700174 43.63308479455393 126.32249502986726 g
3647.7004451487865 1045.3198795590195 15.775551431685454 57.554813658033765 b
158.04389850045553 185.593096319415 17.039577437313323 96.35842575523947 r
1779.363717249359 2906.532385055181 25.91579245698572 164.8635637322855 g
150.26855148638242 504.4602888481319 29.077969005075325 72.08565378188347 y
1104.5710660994885 938.9569416918722 18.21186504421354 81.24858449295452 y
411.1702559383414 741.6116748876416 10.59424187426359 133.4445245917221 y
3314.5295486666632 2113.3478645942555 9.36911218240187 183.2449588961578 y
89.24428698869934 1886.0430297748042 17.69723922023947 151.99821293060836 r
1290.5787049384633 2209.905675405516 26.251298604568362 143.27414668172588 r
656.4056381968607 2249.5204111468493 22.368294042331215 107.78777380453201 r
2772.2415962378454 1984.8344584417518 44.51645893020571 57.35780202650166 g
1480.380000643073 779.3478135615475 35.63737254062841 80.11444878178656 r
2886.2731276538566 1697.898011017502 11.23558406234891 132.0567188255929 y
709.8421067475794 250.7668935179822 20.840648031202683 88.31051371046505 b
1248.9283133096544 403.9224531472386 14.447818881582213 170.63059045599175 b
366.6281022994999 327.0452729976697 42.41151265099542 74.05958733613474 g
3683.785717132301 451.5742233357145 40.92828952122092 171.63228333702284 y
1552.4504729576972 1980.343204283561 15.876907633556257 80.22985264186579 r
1882.7602817217398 2365.4549656471077 37.920303347209995 66.03540890980534 b
1921.0865779497417 165.15117673884018 36.639159456275436 125.08931192848321 b
1503.5831673803789 1049.9584801219978 13.943886352301545 116.27372978538835 r
2275.702277292254 387.18089290964843 21.693124630219668 71.57908532296119 r
1096.6535408653058 2098.7524818669763 14.098688557594329 114.88247219391157 b
2635.832951150852 480.76552549767746 18.14582725197771 181.25940172436788 b
2592.149606737946 2283.5807388410535 34.91497789360365 86.96851690753387 b
1059.6021050258137 298.8430385567802 22.111342809741792 81.54836410793072 r
817.5764732528532 163.9506709761299 24.100414620785898 103.08639400337105 y
3738.7647031907613 644.7985695344013 26.195356174178194 84.4185027291608 y
3484.7169776624382 2044.8330175621254 26.23619833461622 127.03962858224726 b
2447.5666914056605 2789.2353665367546 18.183660310751993 61.61964400288637 b
285.52364902698105 55.04125023136564 17.627932124997848 74.58946022821577 b
1092.1758154731097 1457.6034280410736 9.385646253387437 143.01081442659853 g
2283.239928970849 1062.9238212584812 36.07964215997006 137.7598435130734 b
1938.2380117485827 372.83988786587116 19.794182556410423 124.09873716726692 b
728.1763735817282 851.9870609016433 30.873416279507836 131.75545159636565 r
103.74961387159631 2451.6695236326455 19.52757985533674 147.59737391046605 r
3009.591006543451 1785.74113366399 42.22164945985334 57.21735962767559 g
1334.1718519459978 2270.34119319624 24.070953934184246 112.4868144635257 r
679.1469974794646 2166.470879011788 44.28058941408219 166.20109554175752 g
1710.2628290667212 2019.702198275119 37.410972583511494 113.68227603641863 b
3339.0662674904506 1411.458836192712 37.33482170895392 146.88252002077877 r
1935.0282737981258 556.3114378452563 26.212550129292772 160.79428024523574 b
319.40066344886066 1907.2619461113954 11.492005008127798 179.72243199545392 g
2256.311060205962 75.50831023257776 12.943831217583973 177.54927034130725 r
1914.0734099479055 1226.841058299156 23.958457583006606 181.79592720735678 b
3149.703542016009 765.7390895759661 11.539662543133538 145.73197989937097 g
786.0754591744188 669.9398076844403 13.126961871988847 104.31578772475329 r
268.36844175385323 215.6375921443656 15.510389664894667 161.2625798306928 y
2040.308825754258 1085.8615449471915 22.33139670053673 133.01386383018718 y
1680.3440809729718 2799.8994974928146 13.8887146180843 106.34782054630838 b
1776.1819987081933 2716.1667835258927 21.182299762094047 104.23958411871938 g
1874.9410795722881 487.5465986912616 14.483482180024161 98.75640687284314 y
2177.6264567507574 1616.0352529090098 41.044364578980584 154.85986651058835 r
1804.7570854274784 1324.5921896503153 17.953489705841882 81.30012902957134 y
1367.5710655684302 1271.400945148708 23.691763121732695 107.56060270809954 b
1729.8717977109707 731.3337755504479 15.214534225814987 77.40624543113722 r
2688.195460046182 930.2076686600318 24.50596622122299 79.93856357295633 b
3921.1425837177403 1029.9211077252003 14.28985061099918 65.19249619921258 r
3940.1045480198845 231.1541365050317 34.130250651493554 77.15131763360675 r
1368.1163701001133 994.6917133673476 29.39541638422979 133.25129025232673 y
524.1396737101121 2746.510789274005 19.564968297686555 92.37355740391835 r
3886.492559061041 460.6520736200892 30.411390928083826 72.5435319025538 y
2404.67032617124 1864.7570077495957 33.11730691155667 62.187446516956044 r
491.18615524882523 175.95531919343765 39.19613169559395 62.07333523910281 b
898.5606448783154 2198.1937818912284 43.2947225437216 100.98174641657391 g
710.1974025645044 2302.396282378272 17.286646272219272 137.0812931675183 r
3402.4552804677287 401.23698726523236 26.87126415966747 177.19958251334555 r
540.7907378108106 1644.3357915984097 18.22740906543971 172.91056098399915 g
554.5244742516262 2056.1151296033677 11.526029135758273 77.38374775631816 y
2766.225192951812 1141.263793518801 42.023400792284114 75.48612491421332 y
376.9375678711526 2211.8018948018325 10.529282250367025 112.26762825081302 b
3231.3652234678902 1645.3525117049023 17.574378469019244 163.37886411603768 r
3851.4431505988787 1431.8220939743087 19.00221045617816 173.36086196875817 b
468.99068407823694 1852.5540867612951 23.359460948091726 120.10365879233117 g
3860.9216711165695 2706.5016998364495 41.44568706491066 95.34107820071131 g
1986.3332563656368 167.43208072250903 12.994946745857307 143.57334766757054 y
957.0313903337225 2809.0636760484867 23.621346827618545 114.5025096312935 y
1340.1167396685096 1436.65394647176 12.695973949492938 89.96754367277882 y
1474.5756048300852 645.1200994101484 18.071340079456412 123.85704836217542 r
2258.4015250923394 995.8606193153516 9.70943907647568 136.9216657199976 r
1002.5452683471711 1283.2937556512495 20.494476194975665 173.81022179972655 r
3869.014127158637 2181.186232254558 36.93641876940084 56.45325560866309 g
2103.517404525835 796.8522415999051 22.01552989188361 72.73315527700476 y
846.7325061096313 1702.427703236896 20.4972119755476 68.62223328603521 r
95.29670060887074 673.812389945769 24.941631845430997 142.22205353224507 b
351.7121840769524 1380.1396386346426 12.95334591544413 105.48426732643145 b
2003.4832122810253 1021.8673938311631 42.812087829382904 93.34031253110123 r
1186.0317352500647 288.9376574717997 24.762363573491754 121.9535645063787 b
2898.8171974300576 1893.0909061669129 14.11255233066585 82.15009338485987 y
3314.5602132382687 1127.2502091758247 11.212362882524529 81.13432929593051 y
2698.2598728571706 64.11776805195835 35.904290847670545 87.55961899900907 r
303.2202963634147 1301.1494660520168 31.51419137265306 149.26711223474882 b
925.3599069573495 2699.1425340121236 13.815394020019417 96.75963085543799 b
3191.609887552686 2131.0079961505967 13.279908944303791 171.1071307059873 r
3677.738285209198 295.3837034226469 14.901711610809514 147.9335585169303 y
2595.468301238724 2156.5821991493312 35.109733891954185 132.56084073066845 b
2829.8952398906995 1920.0620173705033 30.199618517089363 83.79390423711827 b
2340.549523340379 358.81420472522217 9.255306008514028 116.59094839708592 y
1871.289056403802 2063.1996636474473 11.276528881910641 49.34538629879228 g
1246.6402406818008 2429.212056705273 9.333463997380305 102.6049027371256 g
774.0858858412638 86.6060733815388 34.676720991963705 173.524521378842 y
811.2410925715943 1149.2099419379665 14.079365265222458 145.6426540229641 y
2469.894830146595 385.0733389720499 13.624944623176418 170.7258751133803 r
3687.1068738065214 2660.9281141819356 21.893185702410584 131.57155849230958 g
465.17956997686883 1743.311186009713 23.49321234234305 135.949879975861 r
170.68460956243615 1599.4904624565977 45.851964757260326 119.80541307776657 y
2249.0932166874095 2655.9990555689824 17.510216175891653 60.89112469467858 y
1443.1164877274284 2519.1331724390934 35.891133102533885 59.762871273475795 r
754.2374698946115 1284.9383328405252 14.81188280490221 126.21606386085553 b
1283.0211589129053 2544.8970579154457 10.74129615371092 129.4278916859722 y
830.2929791334419 1112.168751256331 15.080604746964301 125.08445591236878 r
2072.3150384963506 2397.3502591156052 42.242964871634946 157.56010387020865 g
769.4572046947834 634.8225544815401 14.979382631099597 99.53334944004808 g
816.0968114537242 756.4530860999013 29.944482419723556 80.57478009685339 y
295.89009056032677 940.4721781806396 27.776235338189565 109.37924120986068 g
1050.1164969504741 1288.6052387300613 10.136822235575137 159.15959388843086 y
2135.600581992019 1997.1153500181508 25.45544134804002 94.26844560688014 r
675.9664119352516 1131.8978688013538 10.97692550764922 156.0252817134731 y
1965.0211264590175 1664.5990258112852 9.335330123517673 114.21003716515108 g
583.3821585007848 881.1749665059925 39.84289888867703 63.12563622600649 g
1444.7707395091788 2027.1925860217773 38.36384699941948 101.79766185489383 g
716.7225682500207 1736.5771334150536 37.971480569323525 161.79968503131022 b
1492.0708043289924 42.53226947189592 41.39137250432519 122.63871188539493 g
3704.0489646271653 2110.821840322043 21.42573542221111 53.74555722304951 g
3582.5635524344702 1934.7028422513747 21.404004712103657 78.18654986837306 y
2519.382901097909 2330.010033638897 43.12097997388888 130.8358270081988 b
218.09706635919258 504.20252531516275 24.903024660293603 138.04002772100526 b
667.3987312631473 99.04064652942135 36.21381352829291 145.0484441550308 g
3618.8901042111556 2482.60807482371 16.266008193118825 114.01634126817734 g
1722.5849741063994 2347.390059945884 42.024195781189704 144.5344925224707 g
1677.8031554334486 2712.1621155405433 44.06739376044897 127.49250220507832 r
3862.0505241640694 196.41774267854905 39.569435226657994 141.14881682347715 y
2952.4196159171233 1334.3192684401015 45.87920672421258 58.27176944144019 g
991.651486103188 1078.4368256336813 12.403775742549906 85.29577112040712 r
3120.7704161170623 1256.3887874011662 24.349233256186395 171.32027005243083 r
2132.1823566677153 93.58108946723031 13.818532844593726 116.32667852385299 b
44.538440622367226 729.2493838306601 17.246044993134205 101.64767837515754 b
416.1865765603641 68.91118856755651 38.56407281538931 94.65572619437316 r
180.7256408145448 985.3496106126271 24.55228142115098 92.30997262041971 y
3550.6120904565155 2562.3962110598513 10.003602520379797 127.91389177462935 b
2127.1399770906496 1808.5822950045347 16.895342554519694 65.5551113609424 r
599.9377981548064 1157.2444041992883 42.811572148212726 84.11159198692023 r
3787.0297026541502 1825.500115653374 41.62326980007402 133.69914404905683 r
2741.627280697376 325.877368907993 39.2931859139063 165.07676146761258 y
2628.7473707443514 341.08644401969246 13.707186524846154 48.792554259336434 r
3481.11163945139 1372.3506041143082 30.977606711791147 53.69926444187727 g
3129.8163644454066 2761.3227087901705 23.772235785623998 113.78882387845752 b
3127.3693496468136 1984.3382149643187 11.890601453265594 132.25429109846687 b
3931.009672738031 2631.689068566041 16.565566089819335 177.2303646549717 y
2965.1782187701792 606.0215474582999 32.30007255371693 80.4268456731381 b
1819.2929422314705 2088.9335469460757 33.0772280101619 73.56542983139543 y
3554.512076583103 1675.5022320479825 31.494455987296917 81.51620104067501 b
489.8842125351264 1253.7077188116593 16.842304723265425 168.73744614048564 g
2972.8974313806116 2186.539228211372 15.196782110549789 133.15924254399891 y
2022.3337084570264 2737.249686205421 28.112616972968205 80.74661017464676 r
3199.5290649718095 69.54972804931936 44.66434557339995 72.95863398167911 b
3207.3792740364975 2660.400972335186 15.132822849023757 163.4912446750809 r
1587.4524044616703 1672.9419375948562 33.42215220711885 91.7952028189611 b
3465.5706136923563 1441.403160245724 23.04226942691777 156.56832586094035 b
1791.8863884356472 2388.9648580787552 10.766811370906893 63.69657946804429 b
2156.5327106041673 2063.107099015109 27.807165574736707 89.70148720920079 r
2392.96341306549 1623.517167719013 12.787471104218584 116.2753004100529 r
1463.8432055787093 1828.4327339762744 13.030584792810957 120.68977163909533 r
1869.3573467105057 2955.912659160578 37.412160449376955 141.63052404340232 r
1087.3397791810287 72.11450860967672 41.30790725843861 123.38810896650143 r
2449.1504145463628 2502.9938636364573 11.085354801487272 170.2518045629276 g
2374.7623800074875 278.92579424053446 22.086476753646366 169.1650444778822 b
1278.8333540965934 49.009791258299074 37.907871054291334 136.64327087808888 b
2056.6346672257746 1698.1008204332143 18.298394931459143 49.36207996293582 r
918.2846882293459 1196.9035489655726 14.11723714144674 138.54809699259545 g
1986.6846562583014 2800.9747300810204 23.32945974917608 138.87160994307573 b
2816.403233209627 821.2010540202269 34.23429968881819 63.76052145894964 y
1598.8842511847276 1799.6575084145747 36.35925999500938 94.68573196495132 y
3195.7299646554366 2004.0087722771348 19.74020983291743 67.56897715473727 b
2645.547169099891 925.9555278441234 12.28752195109346 64.0251690077067 g
2684.185804482559 1879.3323335209623 22.084503300387848 75.1745875280854 g
3388.43332965031 1857.5858672791157 23.222410332801118 109.30119771796993 g
2967.965325944334 115.59110501637393 32.67303097002491 87.70246345903672 g
247.36830029086622 627.7752139613273 29.238297114966038 142.52471744173488 b
3236.3575883522276 2706.404322325726 35.30583743281261 146.5705810249596 y
146.2932332754967 1273.5230974204733 32.202534913745026 130.5383716534083 y
2178.5582717625816 973.800898559587 22.154323334503168 183.18027400409505 y
366.7443319207311 841.264789476565 9.904563375105738 150.46947124694356 g
2604.400187472979 1843.0904771719604 23.40531173395022 149.27210099611602 g
1696.9093218851615 1690.2203485187913 39.44804320396631 163.54408223726097 b
1241.9052752207879 2081.843142892557 27.885990200875632 67.90704087431399 g
3702.198006248682 1595.7880211429106 14.661100757264348 56.95828376799292 g
1724.4498952098745 2792.2711665969805 27.560237756027718 127.15874275475628 b
2037.816486348996 1219.654590690671 13.904174303788425 48.31301542523775 g
1316.295738549198 904.7931738189112 21.631882092716562 72.2323357211402 y
3037.4639087999235 2875.4481638156294 10.252247019419737 146.7569104686738 g
653.3478596753368 1780.8779141795142 15.078042727973918 105.05483862988251 g
2304.4314089314503 2043.5879758303106 38.35321797367519 124.8813968802178 y
891.8883720432702 701.5626449342437 31.171275436297222 104.08800545021393 y
2938.746643839036 335.42411463479436 33.17275630523297 94.53070365788278 y
521.4618535281605 601.5111837705327 36.704878870498135 150.17497615960127 g
2720.6264382552695 1913.9020189459059 20.32585733640257 128.47970086068398 b
2088.967981506713 2914.402366906327 18.285770566642775 99.34500890319812 b
3513.1408393293655 1239.931826311993 43.00023965949569 146.2546000034941 r
1710.7574081949108 903.1118671608608 42.80424233970437 177.34156068787667 g
3073.564428431649 1860.2317546281665 24.60498160494694 171.67799065056158 g
222.32749164300802 2097.454947870228 14.794798352538907 173.64600736994407 g
1949.9491400624556 448.3714491199804 30.8673568603188 46.333346768752214 r
3094.1450254702445 2686.9640556736103 39.516494829174704 140.5027689172506 y
376.20943664658535 2606.336650048035 38.65587556433566 131.72824104181333 y
3926.1619714160356 1922.2886678898335 17.34700584316382 54.65560826231932 y
1615.49858057454 1891.6264716116552 29.780397521921245 111.57531045251785 b
151.4219301549451 415.3638223184037 38.059018434336046 62.740181569702095 g
842.5670421413582 955.7287445602547 23.935858886325505 163.73711532856157 y
1426.2102519930772 513.8872904206568 21.510373188443083 165.9995319458822 g
169.4005212804881 2511.5901159349673 29.48001838740668 56.19309512514725 g
3842.507158217425 389.37480468716666 17.581462089047314 159.85029819812607 g
892.7598611359682 1206.071234214171 12.86543016104718 66.42464451765566 r
3084.240831712923 2573.6413833326988 36.03117349378935 97.04149481574245 r
3446.8950375625027 1990.2444408841204 15.078992939520063 65.33720397555447 g
3327.5498316507606 454.82229859102586 38.29036203636184 68.50673908857247 r
1268.6352004896971 1428.4815668249541 15.169480022702317 114.45885557027565 r
2850.581166062726 2766.00977087706 11.26926947539993 111.91993192779292 r
899.4755471283544 1710.3254297639915 12.724562826952877 62.7470745945451 g
717.9013787903133 680.6928214818378 29.34996854468882 135.5647397226303 b
3057.1228060556546 1134.0030706580012 21.08430024162682 62.910251134504094 g
2005.8480851688087 2889.3193461661895 18.485887274035854 63.0120297450307 b
2951.280235104322 1018.7312724971403 12.969749310643849 170.88791255706957 r
3202.467015654203 1861.61241893638 9.264768401439213 169.26355050932494 r
2829.4117449248592 1209.0844524587087 27.79630607702451 167.27934156823025 g
2197.0645271816443 2425.467320524369 38.89904308611922 175.47295704062913 g
870.505992773789 1316.9283670537811 13.25394869895963 108.73589636466355 g
1838.6389414726373 1965.5336255566567 21.5488597762086 57.915097748411895 r
2824.549457793788 66.52532119054999 33.470389461998344 109.55342502105344 r
78.30991186705293 1220.9303651115958 10.89748024348063 72.45031348016995 y
1286.7786072891656 765.1096931145473 38.72963321686458 80.79560729548633 g
3267.1370943129673 1310.8348729014806 12.561186675206065 158.36399486433876 y
969.6209866452792 1967.916230868351 14.618270199813852 133.16539837961142 g
3577.5252189504567 154.65085824465862 17.187269213154412 135.07202910662224 r
2816.5068316986035 1638.7523152243925 27.211554116644535 142.75232865641354 y
1130.2218033066845 2381.498967355873 34.726187234652336 116.54613920067594 b
2196.0000815518047 2743.4271541800013 12.930988721938133 78.28765595038197 r
80.87616097276972 1438.671219641165 10.571851123799737 59.94084193280921 r
2490.1493328275164 504.4706600198636 28.11602362703583 142.6857303327518 y
459.291896492517 1291.9745004163547 27.653041640823126 141.5964341933985 g
1025.1821165256736 1386.1804606641272 31.31347508734352 138.27591942497344 y
1025.3963883320907 2434.424431795847 15.621357833153468 53.297834331762076 b
383.1945484978032 552.689292292154 10.100912587134115 70.33853563051224 b
3273.57574393187 909.7072157077794 16.82973723260584 89.93606171674267 b
2007.6910807900763 1620.0027074353038 18.64074399788595 163.53116677549417 y
767.2604250231632 512.7431233749297 32.09208504225445 150.49155402096716 r
145.25193534459024 1140.3029963224187 26.727138706799643 143.5621128425592 g
503.76780587613547 1194.7328942569097 37.03410500734235 63.69728525955344 r
1947.127917314272 1703.1728034091122 19.1296493311028 59.3970465880041 g
1548.8291626476305 960.7355561934303 19.183656618678867 97.44714660164252 b
3172.9098233667637 524.1873510178278 9.601622625363731 133.7135735924973 g
444.07621275129515 141.3897439532622 17.73969182730992 157.3710429005772 b
3689.133938348218 2182.6623077442787 9.371367705033236 67.24118403207041 r
330.56596853891085 575.742599858432 10.076951225964816 68.47938389030101 r
2483.2038745126647 277.8400077302664 18.89115918982 141.48678647785366 r
3060.954966177654 114.11781932965226 13.568791370558158 47.522168799316844 y
3153.674666604729 2950.170288294571 29.703992890719306 124.53249477761517 y
3093.9871304991534 2390.1036328161117 24.301416795448404 106.41143055904851 r
730.6958235555645 2259.83560279896 18.381408801162195 177.18399884679638 y
1673.9555393635612 2391.67028079236 22.086116151143358 151.47035938105552 y
3291.453222498824 1647.7643826104766 36.17314832001379 66.07202790170595 r
3285.892686284015 2582.417568146399 9.822085050922194 159.86387990761537 g
2024.8495098142673 1860.466542287135 14.594891551187565 98.38250036308384 r
3116.3810928096714 1371.5561452315803 22.22009214093781 114.36536383330655 b
261.19377093155373 2383.8908298898614 16.72900825732708 162.05561525085696 b
508.3857611511582 2090.2603452938597 17.781040746423045 111.69309863310099 y
665.2686552831013 2861.0104569028053 28.05667266565738 181.61225477364485 y
2551.7746417114918 2586.753751992466 20.424797517065482 97.81585291768329 r
968.3746768294634 2246.2399941750414 38.97708115812569 102.46699979985374 g
3239.2628758098476 1021.1618940161571 16.330759433739185 154.9193460992896 b
3401.7341119615608 2403.652349534818 15.989628441769401 116.44062202765588 r
96.30107277590216 1305.9428041342528 26.97572378377513 93.40142501007196 y
652.7191963178498 298.23369289368287 11.86774919964928 166.7486155522493 b
783.0619951611224 2819.54289416034 14.164620061070085 167.52465984321006 g
684.9295015691062 549.4686082734149 24.44217494153292 116.15098478545586 r
2461.9282868388295 1767.4225749503696 26.154361296973356 65.36286495456446 g
2845.773803530378 1054.4676177378904 9.387210097157617 121.8346395016003 y
168.31420557211408 829.7249632501508 10.95997395346634 88.03883584514045 y
776.5730399395925 2014.8571814597349 27.80367480567859 134.33971406045018 b
1380.9482087250626 784.1695977866261 11.441603693912096 79.01767142768536 b
3479.819402367137 2730.0876311482402 25.286756426145992 134.10182769484686 y
978.2625816026749 2381.9942479457877 9.485077485006572 95.57136280834061 g
157.5103677111014 1775.438917972167 27.33171619333065 106.18196309520648 r
3419.3654443266314 1910.1785171821155 9.278524305069567 52.199589998238736 r
1393.0664358247907 1307.0206561788596 20.06326837260174 85.30787754522154 y
969.6128154522867 445.11108672607145 22.036331612636886 146.34808616597192 y
3138.373598164975 234.975949569873 28.710183087642925 133.67254547088953 r
3730.339977868148 2754.965540229378 34.198338825836075 90.4742430264685 y
148.17571630333592 657.7166407530987 25.78386105051691 55.66545559806953 y
3546.9196600857485 2049.004236338261 9.245628424617813 152.34983628763302 r
1110.190434647969 1304.5469051686187 38.60770729353693 99.18081147731738 y
2733.9231146191746 1671.5976640510457 26.053534658345946 133.02297301905523 r
356.77772040864176 769.8223878548082 45.16199604384942 169.6496323281034 r
2178.377391800151 1719.7222976619187 26.95094198318904 159.16341370333208 y
2259.829320908459 509.98765374317026 24.6119839484272 102.67575338220999 y
860.0100108964303 2753.141512231679 42.14444350058807 167.44562954377602 y
546.7685725128844 1833.7069418238966 36.74894061350649 96.06675545481181 b
2920.2318108427116 2891.198867496813 29.16520024093309 74.79720616104926 r
2834.6650249919066 567.3046087516341 30.7065849489207 100.26799953671247 g
2673.6769688410463 1984.5201009034392 23.20156610575217 142.9763220013091 r
825.159018217231 2491.802965739913 38.2020878684619 125.23475620200621 r
1451.2837275650531 965.8035512791537 13.931959715204602 144.83797846461545 b
3485.4845475365805 2346.336526890248 23.37168201826251 161.42959984746489 y
1698.567168785325 648.3696453884122 34.42171315548529 126.21749970584722 g
57.030130233905574 221.65610130360224 16.01658431406709 54.89688583537341 y
3074.9129458292045 839.4308022241069 34.72611271641204 145.28250607891445 g
2461.498211477001 2272.476641858186 35.70241565238334 78.39815227797897 y
2523.253957233951 56.49200781995933 26.351434420902542 98.1175649476158 y
308.0088335963631 1685.723717606999 32.83227971715484 169.7601253469895 b
2096.4300862821583 1354.5760687117322 23.820022124861353 108.57846895276654 r
264.6569007988404 761.0086520195725 40.16753780746759 85.59025947161673 g
3658.3584702206995 2797.6224135774874 22.94242968569048 60.891137838068886 g
195.90668766053864 1930.1879306424255 25.826980165712477 48.182292415931016 g
2921.711620304222 261.9933090694352 40.15076407973686 133.31280846061125 g
200.94359549072348 1171.7692754740103 10.777933883139147 134.5999693713925 b
220.54783226104124 2756.6038320000953 10.00343528777226 120.80524982434794 y
2618.134904785419 2878.9892848175014 32.898620430461534 101.03459324985724 y
3197.127499067462 312.0827673625912 39.517432091698204 48.787675931497574 r
3221.235589433457 1148.3940660881894 9.94609689316484 103.32115789082857 b
494.35163702367066 351.85300600341606 20.369877778172405 108.66919190778319 y
1301.1925308315188 469.41918771952317 10.31659699658931 158.90307515103547 y
1033.5297701108411 2818.0285849411393 30.96346650665339 64.85617466363102 y
563.8311454284554 1592.7202601110596 37.0976246254156 159.57238312176037 g
1168.7030958515834 1717.122431498777 15.821557147261721 173.56955286943386 y
3294.125455892014 2517.761556804808 17.128207376183987 46.8711960421106 y
3198.1385215397736 1481.402978363333 19.58061960877289 96.6667386763221 g
1442.2849289409023 1009.9733200721663 15.408201234453255 175.12253158667977 g
1187.5158890086586 892.3850545396353 29.23715420444502 155.76463271976422 g
1019.5632148318903 1093.5579994668974 9.954707419024484 168.35824911363252 r
3811.2047503282065 1462.4202064143892 25.05285674427263 145.5923579464889 y
943.5799703011796 147.64327335102956 44.14785672903838 146.4013027470857 b
3324.593107619548 1751.272052589091 14.934255445218533 113.49307545022614 b
2694.377711512649 2161.2937148767483 19.83051467494169 182.953976712891 b
1756.8363416010127 1497.2671132408263 22.744102552784646 66.75275654849405 r
3644.492988540072 2922.1841428155576 29.676420132789737 111.56444717275825 y
910.2704671724368 1284.8210669986313 9.93315712817319 86.62652041233072 b
2568.507288251181 636.5065316967942 13.198559390150614 82.24325070643496 g
1299.2689023766482 2920.18126706617 40.29777275194909 134.2711847666983 y
529.6580617128042 2537.128084887316 42.39967631207216 155.82734998266844 y
2827.734402606112 2449.5654509920796 22.897363212494874 79.57617828321426 y
1196.7582072055495 1155.5803762665041 34.14985280794028 48.90491621738648 b
3726.451967565764 265.33039192059994 10.3366659163106 90.33947700446424 b
998.8012156039927 1670.1458170720848 19.473963439438887 68.8858289103988 y
2690.8907046299646 2213.700806448219 28.90556208649611 162.49666237887084 y
2635.4018869218307 1596.0814302230456 28.367472097280448 161.4569920052209 b
3615.127116220439 1824.7119956475028 14.412679975465611 114.96710929225398 g
1354.7281267546678 1998.7964858695573 15.677767838265726 46.64749476492242 y
2835.2343675447187 953.2639486492989 15.370133814210531 116.05701978334157 r
2137.990723633235 1237.268814336607 19.29767711964664 108.62895049899419 r
2737.5621529447776 2690.235924597548 24.766142083823095 158.03184682443077 r
3452.5129675949256 237.92463062278645 22.548606549628406 183.1537506341848 b
79.28144664859272 288.99297331856576 11.723981528077221 100.38798439058684 g
3720.34919348335 45.36020227721404 34.17040114811107 88.16180300765751 b
2621.178404800573 1295.110694684851 17.215425711823077 116.66229479943713 y
237.86499257137893 919.0790419576474 11.297476181312698 75.05071281915725 r
2619.0848609813274 1928.3633164838152 14.47174949501794 175.95475805885638 y
3949.6287107526696 905.4857142268017 24.556155118125766 152.452514760781 r
3766.8589593401725 1593.5283118449017 33.41967778014931 56.13147123879061 r
1678.6523320567412 1583.5354219952412 14.71011710683316 69.6618053896456 r
3564.5192758958465 2172.419982233608 14.310801833860978 137.4715370380038 y
3462.4199932004535 1741.088815161963 23.7446967347184 78.0268127567667 g
1571.5625339041699 1224.6179218322918 27.53741864327008 67.94357495110029 g
454.02395902054417 2570.1536864482955 11.759401330198184 176.96204247210966 y
351.82501776504347 634.9228879236238 13.27969436356881 174.55517113527173 b
3298.174238704123 2227.8427107389834 13.089059695052818 94.14855358196326 y
2239.3947525359627 598.9999530460029 25.759435923543187 159.7424522704668 r
361.34332972937955 1678.9591395740072 13.57499183694251 117.63120397075537 b
240.93744071667845 1964.905217606525 17.54687224143393 126.74589039974171 g
503.2534488062042 2156.022153539381 17.447923275189048 135.10274023737924 g
1354.2433056376804 1915.2520641197584 23.435180060435556 130.56746637866115 g
3708.1465267057097 1345.2742045995121 36.69719955453395 76.96649950203111 g
2765.241303678362 1870.5771704013632 16.474924238103817 168.29636843309947 y
120.36963536171896 1410.3068408579404 37.09937891343644 54.98677985382217 y
2838.8839817724074 1812.1738836852742 41.47710809010588 73.8231572716683 r
3938.7483691081643 762.7437912434337 29.95099525464598 161.81230463952744 g
2001.9716991855803 421.8955079717398 16.479241169678655 64.36785125284948 g
100.57948083696377 2354.263783655172 37.81619522684657 146.88201322882156 g
2867.7448508954362 422.4326156559125 21.506058705089764 58.84709196866947 y
3794.3441510788625 1760.6688346840344 21.337238919049152 135.03272978856108 b
2588.86742710969 1486.5086783270935 21.122414531099825 110.2972319093046 g
1991.9481117829735 531.8108593989957 34.021955515632506 161.7616273441643 y
2815.064640660527 1169.687638801415 10.162847904625341 130.9047331898006 r
935.3709386434783 1357.612661745135 12.372170853259846 147.72181206379068 y
2488.908398830021 808.0387054741101 23.0210291467533 126.81257058802464 r
225.10936950877314 1052.2514234157343 33.50652165558061 132.97303631240732 r
2600.7827516467873 1180.2838429784422 15.284027910948655 171.24110733037173 b
3730.3442996034983 1289.7666827466876 17.287075254928844 59.80707403409005 r
3105.41708188866 337.1238957006707 18.775095411771986 107.74563983703538 b
3383.6466678350475 2584.8375168637085 45.29763349748057 69.01166955331846 b
2217.6948412053 1849.4304577417538 9.97323733129493 172.1549284906319 b
2704.073656128652 985.0345239737023 20.738723993970197 182.7399679070857 b
3864.929294579335 2490.067363880752 33.49337360133123 136.74029918743128 g
2047.8223040869375 2312.6973386389996 30.17003671708774 105.77815823328044 y
676.0371578476953 2609.4737861709864 18.622776453601222 149.3677833073703 y
2810.2338285530686 394.26938108277386 10.228341929271446 107.55792740196964 b
1253.5550536476019 1460.7210319354465 12.176840771108617 159.24649566283728 r
3347.57272737696 2920.938520546335 10.053438996898686 53.391783212364416 r
730.9082929369292 992.5612351061886 22.209104895212562 170.06000021656718 g
2971.113505098606 1737.9782404784858 9.587182071654968 62.01765368565588 y
2606.206545378174 1710.067524851644 41.37740868234509 82.88589782658767 r
3431.3113129411013 2318.4263871768258 11.751009383984604 147.20429424658812 r
1798.129491910847 1671.9989335327525 14.00089330816046 94.0834806651057 y
296.2450425550536 1118.9578232741562 25.217617118201396 52.891386646064376 b
2313.4373519219 169.59344318029713 9.969595483848215 84.27756524048824 r
159.4249219910284 1199.0440101240833 27.65656179507298 115.68795851978447 b
3925.698236665032 1400.3128359200202 39.332213906233086 155.70812762246555 y
3029.564926199928 1673.53206686637 44.74246678077117 152.5610304379605 g
3547.76051859533 860.8537076060417 23.246717588342882 83.00380912097057 r
2521.1887916303263 2919.3242985856673 13.01760378206491 67.70384775381463 r
1364.5308026180812 1365.0793269705086 17.069622680993827 62.148792451636 b
2741.8314415321315 2089.138984252657 24.135351347208555 132.52084689307435 r
669.1657967052466 971.1904190785028 31.255616687904542 128.7784778892982 b
3473.4276105491235 2440.502102511709 14.102442665805658 47.76548571944553 r
1319.5120028193994 155.82538558173886 14.898389041065787 88.92068388748935 y
1821.9241087630983 189.19620952371795 9.829704707653509 58.41602117763796 b
465.1338655281836 2530.1157518035748 15.111455982121837 59.37558838931682 g
3896.9910179361746 2935.6179332591296 32.73498812957191 181.91201160097177 y
3348.5450680966865 632.6455144942621 31.97725128078759 79.26214872209488 r
1367.1297168334165 480.7008810273751 32.73110331967515 61.108943007157166 g
1729.2246992322232 81.21298890447603 35.02228037295041 171.60759110234645 g
237.92216367214846 1747.3320802071787 36.07096365336956 177.5711136506498 r
2498.600126042456 2581.9205739704757 15.809659444791116 160.7618187887765 r
1446.0390875726418 2347.8052650485965 9.565355800055297 60.95072669517709 g
2955.2185405863797 2442.966993435118 38.63136798134792 145.25911143223982 r
2209.814830608214 2930.501473048684 40.591989194234934 83.43298619110024 b
1240.205002723811 2321.7617297137235 34.279962162066454 161.619657433577 b
1511.7110261963255 1093.214574607819 23.668103781019646 113.37155363317021 y
659.5864589861523 2054.009709041363 14.835674723129102 174.4010185578664 y
1439.8609472097785 2722.5550155342753 39.64656104219056 133.64758615444737 r
3241.2790662097004 826.0696071008458 13.878766361746994 46.45336835441787 y
756.6153988020372 2876.013164761924 30.517947359390106 155.05740649284309 y
3069.686361639769 2017.544646636755 20.216541224226425 91.41086678192536 g
299.30726825872125 1775.1850532385515 11.815298462005543 176.49585013378635 y
3779.172927129255 471.7353719031252 26.859908773872164 108.89209254284035 y
987.6985609040148 361.5717908909522 12.293569079659044 119.83957505413602 g
1139.1687844501996 2626.0639096355762 27.99368864244333 117.83476020627555 y
1504.183839403117 2036.0611934699582 20.690565440455778 130.63131256320162 y
747.1142309567673 2090.657952051264 21.32255958867494 127.90594941561886 g
3238.0980079474284 2419.7216610195064 11.205617207759811 96.61422784808744 y
2211.279600188042 1503.9766703202006 14.819477027669791 130.82054868565785 b
48.17550934642911 1695.1621266589714 26.74117955395279 137.7981206845489 y
1604.0081716964037 160.81322906445484 32.441147585923765 53.89463569572001 b
3412.5808710013403 1410.8322524243451 15.713504547234955 46.39040839134336 g
1527.2835456446287 2880.5680303704753 39.50606930546741 139.28187181836552 y
892.3904052613749 89.20642893556973 31.573916977409418 140.6494563140568 y
2989.1301275480255 2012.0318218060518 38.614493822354284 98.6440671796327 y
3529.9319290862904 926.4245021884324 30.228191787368843 118.63549240858745 y
2494.1341945620134 1585.4325631049305 22.927999345583604 102.49041064184607 r
1672.4646173102333 2199.385916698044 44.47458832262116 175.17887011431372 r
686.20650011065 798.5725816921995 31.801148020588222 97.91740364913736 b
1214.6592604298507 479.02820722077297 40.785463093833386 160.41604152047802 y
920.1899772227358 2476.2131910633625 14.278226610022283 159.91008887928422 y
1864.8740540090355 1565.659827377739 24.38649685763191 143.96324520439683 g
2266.386240726355 2589.268313627416 37.01454025763045 123.8699624370158 g
2042.639807078238 2084.8510766890436 30.92570164465271 103.08926290221736 r
1369.5091926047867 2523.116709559083 11.447570960260899 164.99335484239822 b
3383.438441611238 1992.2782981513742 41.85390884548899 134.44121865837232 r
1034.9464730348093 2339.5095529392047 43.42244477374493 107.50535799817929 y
2154.9975492860076 2141.7569264235995 14.591308430684268 72.11281309892499 y
107.71596489125113 1721.9414468230798 26.92598798766884 159.05089126107953 y
2892.6676232656046 904.3604142904879 15.92276741543279 51.420131201931454 b
3822.9646627959005 1980.9118002879961 25.86070503870578 137.45886052849585 r
1235.0473803815235 1513.396137301966 11.180234750152268 126.28785170128086 r
2508.4831744303883 2101.2854406466904 17.916553167940386 78.95313886925999 g
3049.81140269313 2810.388377826023 21.10080461338839 92.91017137421119 g
3319.5653067767016 806.7649965748117 42.9028594012838 148.53265440659112 g
3723.5356854325546 1839.8753617651641 18.918167825717923 70.90262805721328 b
3527.0086264559204 2658.143592125944 35.94121886238259 131.77656598887842 r
3351.559749846435 211.63236659891305 10.307727729466144 60.358088506064476 r
1109.6605006259792 1105.6749477683163 23.991310383717835 67.8686076796459 g
430.4562020337395 1004.2367620240133 17.82951048643976 100.46906841824294 g
1159.8606930916144 2108.64749367719 40.5880047996979 91.99493023868271 g
3003.7893919845333 1612.1273758416478 14.416664419015522 101.91700739975039 r
1140.474399521025 1200.8271589792269 16.294318913345275 83.22125556296427 b
1006.6336390510338 915.2180345495585 22.38890949272048 122.76059383512441 g
196.23759321029289 2214.5431728974236 38.538179841125576 128.63087440152304 y
3402.986926849807 2922.801519279432 17.164937135791035 162.5205834191114 y
727.6773973492205 2048.682318694291 10.100869781660244 128.20385230882695 g
1612.351291263022 98.53669964179534 18.5108058203797 112.64970441413135 y
2358.6679919347152 1594.9883491058658 18.342782735434447 128.92638190807855 y
302.5958594395921 167.59260417464304 15.939048960649489 59.675739661348 b
3019.4887037493663 1273.8497040531179 16.212531185475466 63.090607146806136 b
2942.9026413835704 1681.2994980962435 31.22142155652677 111.76037138629229 y
877.2895803639798 1484.3831171376403 28.342472965256263 92.24199932716972 r
505.7007438364596 725.9734562496093 16.19146745651709 72.30625345011256 b
3873.45708247325 967.625858351505 15.122292515441005 170.1678587245312 g
1763.7233235694225 1341.4806283554992 14.566510448671846 98.620617376467 r
2529.055104593985 150.3716434100859 9.464880127645937 67.9031939730418 r
3615.9658097166653 266.2757555717966 25.683039973270596 94.60338066816013 y
1230.9646260759278 1762.865860202951 34.623661102793015 107.16167933773013 g
3674.783874479647 718.9776362131414 23.766631516888538 162.87046014480472 y
2229.096712398236 1384.6250065328668 33.67405431615906 57.80864199657093 y
758.0275140741164 350.2065736066151 15.965759473213875 66.34762798007627 g
1040.44031639701 1990.4003843394116 14.110942174607768 121.68748131779539 y
3003.6536864429213 2376.5957156692707 10.556625851768004 62.2833441098889 b
1043.9432068789354 2670.1131082157813 21.325972736819896 133.75708806113198 y
1970.2235463485165 1336.0964238699705 25.14396597708882 78.79633482781168 b
901.27027105554 2907.4322779450613 28.24677348421683 162.05456401528681 y
2395.8402197982336 458.9950720954323 44.80348573363597 68.80536372770806 r
3297.6140910184963 1926.7561007528122 23.69240707689166 161.05292863290617 b
2428.4030411654903 76.31855149140132 28.19997312122768 162.1592022247399 b
3668.4899638537795 983.5521617915053 15.817991701572645 67.98785817190377 r
2240.8734982280403 672.6216907672176 10.038414319430258 49.812783599615834 g
3796.6126106250076 2595.6169880730017 13.210593794150967 109.22734337828717 y
1134.453398432623 326.72279714818484 35.55319872813381 144.94435094420615 b
3177.947536035957 415.98162186113575 14.90659899167342 116.15035511200354 y
2781.541174708378 896.9015314397654 35.56696286621923 99.27844698490699 y
3263.6760392627034 2319.060780949375 29.512532629136942 51.033617895718265 y
619.2042939890903 509.02025062686863 34.47886932101921 87.5171613813546 b
754.3959046597668 2732.591697519559 26.96592139088775 153.60432215559814 g
3931.2326158667106 1496.8178820859825 9.419094963904541 137.42368852352175 g
487.0923678069294 793.5415976718932 42.53369082740715 140.7456422905044 g
3342.9068761059752 1117.9042354142107 14.720780474369278 68.34401070026703 r
2099.5738950763534 2126.578528798206 23.510663521402847 170.46029969013244 b
115.27899646520767 1069.5406174310453 27.274478184647926 126.01701733116023 y
3632.200510294373 1446.330124630818 38.86574560358048 84.20840034943856 y
3023.3313249580233 2247.616154225016 36.154610689981666 67.67960530005581 g
3020.08439782887 2164.7976271608027 31.467128426317153 136.10829396877492 g
1227.7673018471696 2482.627419560378 36.07253527584984 144.9207873693482 r
981.9634151714615 68.58088533700568 27.426524418616673 89.94620775951843 b
2805.596334594039 2653.7825655240317 9.957911469767613 96.04631943563975 b
231.299624518599 2560.967079676864 29.27707228253957 162.38167225173373 y
2435.3533698859587 320.42907229199545 22.078158198712558 154.51540883145736 b
1431.357419920288 724.342224399612 26.523245269465576 157.569351245207 y
2090.414584737983 2513.791683359734 19.096283535689125 144.4637709668096 y
3673.266894182405 2503.3815445443415 12.474442745418429 170.8783174747225 b
2852.023365096478 1692.5945889109387 16.13367231590063 96.64862081064979 b
1178.6802954695997 1017.4266821251658 9.886435692452745 180.04301046390765 y
3361.392405521286 1576.760396404314 18.11100081431392 51.29370683676854 r
3606.5364972275834 1063.5834407602003 25.743677596768983 179.88338582439206 r
972.9873627620975 2611.8605068069937 39.85301852459518 100.70195006557587 r
1462.4378725510744 2831.6410022627706 10.576723794444018 144.23766532813778 b
3024.541570266232 1877.826971045274 11.874158033480533 132.4636912537448 y
2739.4451542552974 757.4945276448138 41.737300790396795 148.80408824646213 g
605.8930846343351 158.26819176565644 18.465364991593177 87.71295991874665 b
822.9802615844682 2307.2831483599757 39.2954499775152 118.13255824071922 g
1671.5721639913884 796.8564435132029 33.99180938787801 180.08962275910642 y
3181.529550848525 2385.005594985361 14.948102421982256 63.68907588100854 r
1631.1712588703012 2759.286278766398 14.60223565991275 99.37118138645087 b
786.8678647455387 1942.1221292120188 9.599592162249316 103.43840629870726 b
1500.2723366510295 882.8353669960402 44.05717861349904 76.43133268694046 b
1501.552933840137 1776.6454704762837 11.87954076695742 61.0715166782589 r
2116.3969343515114 406.0916041271856 30.052016809339847 118.5041787207011 g
942.7420208736437 1995.2818260422116 17.29958342896328 103.76291231303648 y
379.9914468394423 1909.4898200569967 24.17585886874243 88.07822605051376 y
678.3765336391858 429.99837765215057 23.331903616128322 46.6719958301154 y
1922.1675257655804 2773.687113896084 23.07276852158789 183.06321966114325 r
2147.966790541771 2362.00145890115 29.39840410957668 114.69167730650409 r
3014.380079126101 1920.4268069745917 13.768858819895453 181.25103528994538 b
2297.545392160301 258.27933051375794 41.55476543311587 127.51084649746866 b
84.88850044074647 2683.1371999573676 35.246454026514485 124.66999973205031 b
3390.729078139611 2189.047192549743 18.413831315889297 133.78510026986575 y
2282.9218956774216 1903.0602176097611 28.729620235995974 141.11477032945055 b
3077.6671517206205 2195.4323753113154 26.414409749121127 89.93005307436644 g
2562.08323527236 2812.547633785608 23.700419463274056 114.63123638614537 g
3408.883486815828 450.9623240504538 20.214893471598224 107.67658837986934 b
1274.8060636542525 850.5665363777241 35.509399330904394 67.32349473899447 y
2591.810212152127 926.6472291245095 28.925493438415835 144.59046512920338 y
110.48362041929715 2917.3528668932336 41.66472458230371 74.41965739382404 g
2901.1306326523263 2326.537761860796 15.085410244640583 74.66659056610668 r
3318.534817169629 1894.0323689330382 13.029432057367995 132.2511890317806 g
2785.340807824042 1369.3369032261567 44.24663992849743 96.23241819740261 b
1593.7144635282586 2286.033005017672 10.017410123534466 163.32183977439905 b
3778.8559452559166 577.6426141942567 36.63392808281999 155.5918815169781 g
1168.6166491328672 1579.6897839780615 12.303212494227271 153.80906243219795 g
2086.80909438681 1516.6206472646115 13.690969688052181 71.81629771938381 g
1749.304099339264 2117.521689743475 20.268400504163047 130.43503121939887 y
1164.6592315414828 1989.4698510884039 17.28622008124952 54.235275619202504 b
3138.4428047345455 1758.7460380612315 17.71247812716089 180.47968579790228 b
804.7939158301945 477.9260075163262 9.598638865557087 172.39796749522355 b
3607.626440405611 2220.8074132949155 18.276903505713435 179.9514850629294 b
1356.6889454471643 1706.3937741153102 13.575641572921512 120.62601025930886 g
805.6433528966949 697.1563968766885 16.670946311407913 68.7643731050365 y
1451.5672587031672 2104.5687663272442 12.202038902425558 104.71376281288985 b
2058.217270451384 2468.944596820446 22.884002302862577 59.123268377263905 y
172.66519381743618 1386.5534943267871 19.208128456675908 103.26261807466588 y
3149.776451872578 186.46649791899205 19.214630821040746 180.24894112634053 y
2657.394934597358 2324.252896723834 12.721385194955486 90.28744192729121 b
3612.864930498853 755.1484901679953 16.77840542587045 132.5832412685695 b
1549.8991456196304 440.38373695832047 11.633801472082409 67.27396677277179 b
2874.8883322242577 2694.1576180490874 12.51131811192821 160.86822569228042 g
2676.0565156396024 2859.868302454289 9.674738094912941 122.91712675197756 b
1838.4180874248761 2644.7449529068986 17.19259890715663 164.03546685004403 y
1
1.0 40
