4000.0 3000.0
500
319.2897848317231 16.70581162195084 12.406576652513209 295.62857880533653 y
2597.157042563254 2366.806831685472 14.865328348628093 169.73462898149455 r
1851.0330642527383 1232.2909006228144 53.320920927093546 158.93438821323213 b
3038.6736641101943 2031.9304824450742 56.75678623439012 201.36430008737494 r
3244.596890300227 128.07925144149524 26.06426002302819 148.86589048040196 y
2378.919209112351 1368.7752727940783 15.872275333494638 250.44674081716437 y
379.54377765377376 79.71103928909073 39.574545523940984 215.7102744664826 g
1074.0814447318282 642.1911492203593 23.426574984074733 126.42154348083412 g
3937.19268949467 1041.963327142134 41.09279398534368 154.17369106974894 y
2825.502106628341 2842.8728796093255 37.126059764217274 224.288518833204 g
1369.8964730092914 104.71784176060473 34.96928646034851 83.0333045103507 b
3427.671546411168 173.86500805184312 17.99601492965217 174.2564383010067 y
3844.649181557571 1028.1125194025121 51.47780142248011 74.74618026792017 g
1018.699644567152 1430.0694591465467 34.73163484075369 242.39104158048818 y
2244.4522774226243 808.9761830649496 28.823935124168813 169.1071857838174 b
1917.9795084370662 1082.2642860397052 47.68920299210186 157.84898616629005 g
2017.804253318448 2339.527623862819 22.396590973608237 174.4169147075063 g
1987.6668536985428 932.5269254961952 17.343684970065677 184.43723400925322 y
154.36877634299017 951.3547065912638 42.61371641903594 200.86856124019758 r
1436.481717931641 2570.720004460837 18.210706973774176 226.3073570729412 y
3346.00002889759 1414.1497497712724 25.066242384763285 149.59007560626787 r
820.1657967846953 1727.457974446534 54.33506306416319 246.31147848300628 y
3080.855487000919 640.1395864230417 36.09124177706717 206.12865063222108 y
504.0716136865195 124.39805194822739 59.73911760297379 123.98178797888494 g
392.23995626269925 2436.323972296559 62.41844094513894 228.70898433303 y
3577.167996938596 842.2929588066208 15.882838022615433 204.09778665978766 r
2941.6785974273866 1295.9592279213855 33.50755355839801 107.37302487975154 y
2233.0862935193436 437.27308183785516 35.44157096218387 218.99742218572368 b
2951.8428120263666 2834.756773388268 35.04026394083896 149.6558768896292 g
633.8324790894543 785.828006802344 17.707862531232863 94.88757229395442 y
1504.955019345585 2227.2640801838565 17.084053826367207 211.3477615781159 b
271.79069621632345 1388.954978973726 34.816797571060874 228.9943402473106 g
1722.296821095926 1748.8983024881945 59.811623069887325 191.67729495968186 b
2845.642575643853 2615.9438206980476 52.41800831531196 220.97111966512034 r
2340.4456611212736 2279.099642869671 63.66195597890582 129.88749752660902 b
2665.8276640093986 118.26690873599965 15.572884247957049 98.55622596125122 y
199.86551961284783 371.0748265458113 55.24771845217614 114.64757052649 y
1605.1694618457554 2394.042646542971 59.28844055990427 227.74298954017712 b
3161.4749908277286 2243.5983873451205 52.94757419303809 73.26987597493033 g
610.293199932649 2233.5417718872227 50.889278857124516 191.14217356821166 y
2222.4906443905825 1083.0524738740455 48.664581977130496 162.20875714959115 y
2676.6742803758916 2754.961493546405 45.68541314498032 98.38266741135013 b
3031.536727717054 1832.7189658335294 14.029172806146963 106.56611577272051 r
1045.9869213094578 889.2852708678827 30.426696849024346 186.72699975253337 b
2876.344269463477 1698.7823966774215 20.522247579455474 224.16269090702463 b
2090.7222800110353 797.8854526238264 52.87283899597217 167.55937364193596 y
2424.986150889117 621.6727972849962 44.54634635676028 176.1873970746478 b
1585.7684102936505 2715.131014156445 28.91743708425662 192.71676039807167 y
1281.5881236355842 454.3931372701119 21.574152673204658 163.16809565804706 b
942.2843415022979 2689.161068252242 48.37522454171053 124.23441323101692 g
3670.098142262894 2265.476231484964 23.562442867743442 221.42006101209859 b
86.1728807191784 2781.1260149522373 27.49409138839547 140.24835152400107 y
2761.1346452955013 2270.434826398194 16.099017877587386 187.501628110134 g
3552.1396255861523 2190.8472288533044 14.45228664940227 121.38499278400104 r
2953.933302804048 2414.7618885332818 53.44517805656303 233.23704745096938 g
1481.6215707770214 1104.8837424766593 13.538567181797394 208.1806341768052 y
138.0087568271029 2369.9128079853917 60.947591334090006 189.45666650502574 b
2178.517106538567 1459.6955819731038 33.62519158934685 182.203081165336 y
1671.8565508873148 1965.0176610227822 49.29372147489864 241.3068537418333 y
1764.7676740713368 1037.0219201229668 22.79588417373514 137.85286009829238 b
3094.322553858166 1034.7918328170872 57.70693864069385 148.54956740762736 r
451.41883749179533 1246.9418838764147 20.01331609771171 200.23704953317565 y
3584.2618935253154 2414.114743034129 60.65015346496089 164.00207976749758 r
3940.7850303445807 1704.0874741810753 45.65881299598764 174.76851618471468 y
3184.1146752964087 559.7441483151273 34.08052611810981 129.32688765238697 g
1475.3423091394066 452.47730706058053 36.144652493845356 254.93270293815212 y
1803.0229153914502 2029.635786731702 30.56132512583229 210.26936673141864 b
1015.1125963051797 1800.3366652589832 22.64238951467774 232.1317569617212 y
3296.20002211446 1629.0908713000429 15.648446824199363 81.0093237298234 r
2668.567985884895 2152.921107149714 57.28820716740246 210.73971281058533 y
574.9969082761166 2755.848612764145 29.553473292945164 165.5488933682591 r
3321.1206078967184 2607.9372120531425 44.133945922700754 99.16264711473526 r
758.8633527266761 748.4296937757541 59.22686038978515 236.1521866848789 y
517.5803928539358 1139.8343880317802 54.242845492012535 93.34012881981175 g
253.72632803300422 2254.8208383638325 49.32230117574178 155.90176745353983 g
3925.0322612477626 2651.3388260088573 15.514173614203393 191.08539747765514 g
3755.3312186980834 1728.6787346700992 45.380621981217296 247.55279962127204 b
1341.323671198556 1438.246748785101 15.309553538194393 251.30256007061163 y
1262.7345829227208 147.63288402643292 44.463706096522515 110.99860497584174 y
2592.4684390280822 1125.103802724376 19.394295971719938 114.72971334453402 b
1863.5244687691381 223.95885358501877 19.887164035669088 190.44804523262763 b
1334.5913812942124 1302.239552528876 37.97228183779825 166.20341997208584 r
3776.0394146142044 844.6256036656006 35.910505792947056 69.75858579484841 g
1376.7042378382923 1175.443735576874 54.137868634096144 208.6639205161023 y
2335.282797550596 2643.026066995651 27.195599096580942 198.13389966171457 r
1250.2332535717962 2227.909806589484 35.98120134491004 116.94770156632215 b
723.5164432045486 2624.1957091597965 60.33389785823708 192.4247450868403 b
2154.60274876836 516.5918218234135 30.374109061325562 89.84980617092472 r
3688.206398541334 2318.396808419854 18.598053560363212 115.77105273301535 y
2636.9281434186 664.0742105688815 50.6859432249738 253.86120560719243 g
2278.660425157397 1285.7200315944287 51.540132015593926 95.00626295106193 r
1797.8871302122513 748.0538187006223 47.562007655767594 252.78942662937936 b
3821.530111981709 768.5670003835049 36.976867452964214 238.45127248996826 b
2564.1830730186457 386.2382449590868 50.38748457675994 214.02285539274413 b
3576.052865505437 1192.738348495015 61.82412420836386 152.33369969953765 b
2875.6339523897996 834.8498212775255 38.9057214748727 238.5759554834793 r
3259.7357469189965 1025.104199622776 27.722040030185685 220.0540104116123 b
2841.3975127641493 260.6799548028258 31.68637175514202 185.24484856568805 b
2107.6731230077157 1133.977661235353 58.550795629022026 245.45991877316519 b
2202.487528144969 1753.7634727362038 58.928773610593524 97.36768417371422 y
2174.919826997733 1314.3255854861386 26.71288728598779 155.15227898423888 b
2093.4272800974286 212.39359017396032 27.372252244632836 252.62645510972513 b
646.1482525605793 1829.1694899639185 33.89846922565177 223.16624044170857 y
2398.3752339171247 1134.5759438583607 59.8888403941949 95.07557772135004 g
1690.6776316977146 2123.289990823572 42.591055210614975 178.44004714203368 b
693.117478399182 1393.420291661849 32.42992134753348 122.06560165106458 b
2697.957587358427 296.9239167201153 16.011269351007133 184.2383250573969 g
2613.9071985175638 2068.250493212493 37.6960154918974 142.1003974197614 b
927.7222042868059 2472.983202495402 64.03925567998922 133.35765980740027 r
1836.844357519977 2272.3205968882903 19.37013033912441 239.8608902220364 b
2539.917891338179 1976.8948506943816 47.00454853644893 212.3336357597466 g
3807.8883589198826 2392.292280589153 61.912108697716434 138.54428777804873 b
3700.2196083446347 2728.668016490436 54.382871094004095 108.66168250229642 g
335.7395537628913 1481.034065805113 56.03281555705884 172.0420760202631 g
1558.1408347377176 675.3855536170227 35.23409907660731 181.14036287868902 b
2875.070153586847 2148.956759779864 45.15832013824901 219.16496576558055 g
2447.921189804488 480.3625333750425 19.923160879683657 143.3982903232952 y
1349.912729525629 1384.9825877979938 27.346910228681836 189.39658274524425 g
2043.0722151414263 2149.5179680524325 14.762939981315448 200.0047959924661 y
1695.3425753475212 2760.8399426799524 56.37615203806285 219.43965969502094 y
2806.6825625830006 2387.1834778333114 35.49180349008426 139.31827460217158 g
615.9334165876373 2346.5256481416886 53.78034602885987 250.52976090976603 b
573.8278726001433 457.71958411845014 53.89070101722542 221.2688481672658 r
107.56136044053034 1373.3155185368464 16.85591711484915 191.75237010164994 b
1459.21503791202 2338.4621761775256 57.147074003158785 113.7347334378423 b
2009.8936259701525 2911.014434595958 36.76127764356263 101.97716420897135 b
2727.0799065161127 2485.1438960699634 36.71193294805956 207.3555860827662 y
2287.1053880554455 1439.6733409327005 42.61054654613726 184.13169093137043 g
3441.1475503915317 434.90968328014077 55.48841000432791 228.84259723697988 b
3889.013286994691 2419.5151997825537 21.277929118121556 184.95251920878974 r
2294.3898269690735 393.22403775890405 17.225010853272455 253.12355993110495 g
1839.50643598736 2600.858709731286 35.20335576766935 204.11043439263102 g
1656.6599763775555 1109.4578921041445 63.13409388294204 202.53326610187148 b
1257.7422174641595 1219.4092044086972 35.15267964708768 221.56190440376471 r
263.0662242518391 1315.3643600102037 24.835599549537296 143.4676573956669 g
3219.613510494677 2899.8515752338494 33.56309561125834 223.5213883160571 y
1044.8827857654423 435.8485770605687 44.117130139062596 148.63418784134092 b
2821.286864228992 323.07767689415556 14.321206980109755 185.4958900529835 g
1426.3383863691197 924.6682581011154 47.542580999592325 176.77782421163494 g
3373.167875251079 2490.9591214670577 29.342991108131052 97.02747486095448 y
3619.47647502733 2227.8985868265513 33.883611766043195 102.66631097976506 g
2921.0311805842002 2715.924549469336 32.15416705879564 99.16658920484431 b
472.62865045437906 2109.522980612934 48.319869400713124 207.54171252912988 y
669.223671332956 2507.3130404468843 62.793858048642946 103.3739140892211 g
2402.37228025275 778.2963415555995 29.655971497276468 148.72829712718823 b
638.2018409796934 2093.1418179503808 29.66402438646358 128.4964629751481 b
3870.7823938173956 412.30589433637385 46.00322530055036 218.7964805121785 g
3017.42643593514 1529.4690705677667 63.948474944908426 155.86157793909896 b
678.3665090395385 1617.2535399855144 59.76206428122751 215.21868689224144 g
134.89109492234653 1738.317176752159 21.261202632081663 234.65823440243994 r
218.13878966141863 59.27013742175724 40.770386033642865 179.52746257199107 y
640.184556803995 1092.0614062315146 43.759448226856485 98.53684894340464 y
2140.987166646253 1963.8652242190205 23.531486695713532 226.15327379032072 r
1286.6990441506232 793.9615687734487 33.183422715167865 97.95454507397253 y
113.3265639090788 1136.4700477461918 59.296559480954464 120.7893369739167 y
1186.2602633379536 1779.191978635877 55.76963521869956 118.94336873477002 r
853.3209571731267 2832.11222166981 62.325961248636105 173.67623424381392 r
3000.037943686035 1651.3080469313481 38.05963474170794 148.57591993894857 y
3463.529737263184 1646.939415139129 21.652135408770278 123.47549462650076 g
1234.0179014859286 870.6766731772719 55.29062986925718 212.58207137593237 y
3181.0217982589866 1617.7833766247406 35.396444322760125 89.76906349838713 b
3161.249286952492 1449.7163849497613 21.419620046967374 108.32447843143899 r
1466.4879488949398 671.3707306159422 37.0681701495977 243.5676711200784 g
2278.964951369593 1177.6833494491239 41.36994029115332 225.5816829452154 y
1963.6359512467138 2844.377404048879 23.339455918580434 197.08575913503628 g
1526.445437473395 585.3673278176879 47.311614185743224 217.58562112300646 g
1265.7756110289044 2930.824577077462 55.19304952342277 115.08030470771794 r
1069.8156397208231 1843.306695391782 20.46412594352408 211.2843671943252 y
329.0717359196966 1072.4446654083904 25.98101748398353 151.41559931366743 b
2164.914591507385 65.04073518736442 28.236916690782348 93.20519987188216 y
1685.5160548712872 1662.7364718748806 21.975053301196844 140.59240732769558 y
3415.4503241623515 1532.4208356247393 27.728549476111958 78.86112991591715 g
3017.019575716049 2550.6288824710437 41.16360616192477 246.769184885466 r
3573.2529642416184 468.62288218585377 16.585516539646306 97.77618362875563 r
1740.1978227586899 143.93302835934196 54.93683737254194 82.36638903166666 g
3530.5524137398156 1041.5973703615161 38.21852985604222 159.68140746917774 g
3264.8852619445233 1546.992975602465 36.28957339085922 187.2463387463069 y
1321.7174973244732 2505.003893032015 31.95212839188941 220.85872188053796 g
2397.526730656167 965.841094575677 18.102718518939398 208.0309328682737 g
1710.3894066929647 277.01175987239503 34.70929845924831 96.6060764340867 g
1578.5236189795335 2287.799276467696 28.354124552493616 252.98948434456625 y
3198.567062730094 1812.1203727367565 18.024731989451467 79.3907649037875 y
352.39094649688286 2632.256701212876 13.021751073957288 157.2788949322569 r
3413.7763980666605 2675.932542545771 46.09530857214464 227.94524876665105 g
246.24898351489978 1230.9073629273698 43.84427456529551 69.24249301620227 r
1688.8107904163774 2539.371998685274 56.71868716189931 230.39586263900765 r
2727.5714538679904 157.86703345101293 57.74404687502782 99.62252762973378 g
312.17558939686984 469.8891898815452 46.53745799711187 204.15458444380099 b
2061.985206152207 2209.011873421039 21.3712409733186 255.40169506372058 r
2141.5450200564073 2305.2968797066774 39.093047317179376 71.95893787525235 r
2944.6862877325652 1395.3456466278092 46.238481062993856 235.87097048554793 g
1338.4587248468627 1067.4260061646758 32.870127910262006 178.6907220748484 r
319.4787848399527 2343.432571205478 20.205403851320995 110.14007130977666 g
2469.2723652356913 1792.950608431391 51.96443973119337 116.86072076114397 r
1791.151401536821 465.16716039358454 57.1234489595695 231.46712161768474 b
1028.51291094188 1311.4375293735714 63.521295317257184 138.1630538424148 b
1136.1671842320886 1483.1503729414642 61.88197837979048 239.54245818924966 b
2270.462932870923 2496.501967812011 44.7083001953513 101.09685103007794 y
3890.940820403758 2824.128970856897 28.986346605539985 93.07794980639133 b
3892.244655434173 915.4238628985296 32.072291639450654 244.31416355478018 g
1775.7305131893052 2489.53306600431 20.763513944379817 158.96835632126107 b
1455.0988785167026 2802.3596648548996 39.611361285363 246.2626596814897 g
3161.1532737979423 200.1454181212522 55.555544596582784 76.78040109925396 b
2090.2507110840575 2523.066113023447 24.46742166638009 201.16081800772278 y
134.22188406144153 69.94466854821357 26.085521588358034 251.06672587612806 r
1729.2193785767602 2377.009829652033 37.31147216245107 184.83841559811597 y
383.7742890853311 1717.566403896449 50.785193623481476 226.69233744763653 g
991.9784520765238 2581.9304024862267 57.972126516151775 92.13644839039969 r
350.6682466092932 876.0269436875815 37.30193461052729 188.02447887142273 g
2853.7312672127914 533.5186046808731 23.340108452594354 133.93876358632386 r
1039.2407727906025 1190.9404229265158 26.2404910551389 177.99612001627114 g
1087.9587260726921 1088.7281268812317 35.3809141683325 168.0653004464968 y
502.2072155576312 1366.0012251524786 62.363733538088425 201.5226262701385 r
2029.2159055761033 1569.9656549164174 52.544211232690124 255.69033112199975 y
100.82169486819659 2866.144003356855 21.747383412259715 115.82298089484098 g
1043.1780982012726 2265.5888472067463 42.923222382372884 70.95170140869611 r
649.4594049872737 993.9359692579103 16.935890570297573 104.34531414810088 b
501.68902651420444 857.3766106808987 25.73785400584348 169.63733326982873 y
2525.9247322534134 149.96574807609596 28.78045615779314 223.70102203116247 b
1972.621599194548 132.5077866475175 21.729712696026102 132.9918630348091 g
3053.3002277239025 1128.0389569796173 42.89492566365816 79.2279742822349 r
1778.3808226657993 1527.9437978901017 27.481722663679626 238.54649440319326 y
74.58398085914774 801.9280405163731 55.60361656616052 225.01243698857627 r
2101.595217790177 1720.5454764233114 45.97237031563606 91.37688830129466 g
2480.9732810216756 2455.749839235441 16.44042104589428 221.9505340549096 b
3032.7080429947355 428.6816310408843 49.051576902236036 214.81441316668943 r
1135.10042277468 2600.197782542048 59.396967978890395 238.97208833419916 b
691.3393624401763 391.4531140598948 41.28582816720981 134.31254979201952 g
2899.635772022123 2525.9857915784464 38.72710542642803 159.26695231349134 y
3749.4787019903565 2233.885146787235 46.09339851802021 157.64433174180706 y
2416.1191262286316 1288.5578318817547 26.012604086823362 215.42142582440252 r
3582.7331035987086 2689.5602846860625 57.064843625092436 75.57840948801987 b
2459.555206276916 925.2686303348232 24.47651820811783 139.8923166121631 b
3396.5915703819164 312.8496994229273 43.0645468035439 244.92142696483324 b
1276.5493849463287 1820.2473839128595 25.679009041880747 182.69181466803292 g
324.5389304270758 2207.7567891193 14.657973059706098 89.77203152103165 r
236.56368382678127 1936.1691820545063 40.834574522863335 78.7056108270687 y
3132.581822265832 1213.2442230131883 38.96694001043681 127.21599051682381 r
2193.9613830138933 2646.913433575539 13.4085861764666 72.60933188604524 r
3386.218470560003 1734.809718205258 22.894448413762547 132.15994625959536 r
577.3529709710141 1735.6618941007061 52.11126754897191 225.896730460805 b
526.5014801950794 2603.642900927139 47.44440085186513 125.81413659129414 g
287.2459214936045 2067.2436654382736 41.82784405604366 186.51300653664305 r
2548.5526898307326 693.8477106819407 27.181172890776374 80.15194994172803 g
1816.7107397440843 1394.9406411426812 37.481788953832684 211.1643389433119 y
232.826963104531 840.9487985561392 49.91559460583275 149.10173912069217 b
3745.611079803264 2035.0594243250994 50.91041493592018 174.97743342368932 y
1421.4082064985423 1768.156717626535 44.688006044763036 196.2961069208248 y
167.67475205488137 1313.4287983565496 47.68852195299303 156.48221575171476 r
966.679008923137 2085.954800088868 33.43784647293555 256.74197348586495 y
3496.4159593910395 802.9079622507838 51.10231878032614 194.96764853218474 g
3700.811993560987 394.35159532644445 27.96428915742318 231.24106817518086 g
1412.8680256046655 730.9725467645292 14.991806953989482 251.00387888476456 y
2694.548063706907 1014.5746608646875 19.60888915917283 110.91089414892225 y
2365.911528614339 1555.5049534778964 62.70799911415578 159.83517927008407 b
2539.34040290472 876.120941704384 30.9822895963585 77.02759091896924 y
3248.698550219604 2687.7077238399806 56.75345732665822 183.71802749002427 r
2738.9396821343576 1792.1568039017784 35.82319336968367 205.22405165290274 g
624.7028390166487 2713.211129258846 34.511379922378545 93.44866458660422 b
2010.8484023818733 1976.3659953748231 28.244745009827252 185.769642892675 g
3212.8411408497923 2073.6453388698037 38.95685718509036 106.43407993122393 b
178.01361854634834 2662.3183696509145 46.465071004747344 108.61099626112488 r
2756.518112703104 1998.1644008680469 13.250519630130041 156.9115417885221 r
3912.7916225934564 719.768226872126 38.94852980661014 116.49999614906108 r
2510.7202746257767 538.7390256646864 37.58256856678929 190.8713157569436 r
3633.7663862391796 1840.8995775291125 52.812778231195104 161.2039082162797 y
1054.592090449241 2480.623496617604 49.964161601180756 171.56996018776687 b
2057.5479753798463 922.2217286640174 41.77405290260521 107.17518502757466 g
3695.2279227489203 2474.851828265773 30.715592166079276 167.09251867522315 y
2637.3354862718174 485.1317406755261 14.312462526343987 204.1426565126309 r
833.1615334236693 177.70465981329932 31.95434973433818 240.6790324378027 r
1722.5806456764624 1443.7596864753993 57.518245307729615 232.8106762703545 y
3233.430377989628 1238.9087315359593 33.845500321183174 159.93022256653842 y
1178.3538362972656 2108.8681029419577 33.912239847626935 149.68449112963188 g
1870.4774842246957 728.7805563410568 19.816301987227284 179.70095987643478 g
3675.4796876928926 2879.916616288405 17.83516854798172 218.83555147035773 b
2968.5423950403942 2677.2639024935775 19.02211948445411 227.40091684635823 y
2175.3406364599955 1234.8084565491665 21.17734549509153 152.0829904695528 b
2421.2893775023963 2753.9898173633583 42.70741152901079 228.80071967514453 g
440.97037803873593 324.3267197357489 49.55891341860415 185.91117103334437 y
408.95129056232 1014.4628433738743 60.02326879166713 205.41663217516893 y
2272.124789987659 1719.9438666954431 18.27235771847821 68.35579701018574 y
3215.3537423826183 1893.1653381916162 15.985543559330287 88.97595259776658 y
1945.9082607342607 924.0076994756852 19.91667762977366 248.34072198012342 b
3294.8894956179724 2092.0579386145732 39.03639622523521 218.51050046946756 g
2062.481034300431 992.1508756741505 26.723786043019928 193.16833848396294 g
746.6701793911508 157.8999063323403 52.26600029611633 161.31545728596467 b
3835.260629999695 1894.62244579559 29.6050430598806 248.71097518192 r
1812.722174874068 2112.537228857838 32.18285557022939 130.07429854605252 y
2546.4026729338557 2264.71662083814 62.00946723575792 75.56756658083475 y
1945.1898985202818 277.5542335649503 60.07870170942026 227.6470036097188 g
3647.0970598823983 1592.5322184133568 35.349310930958204 106.06499602943785 b
304.8970469129002 1340.0891831919896 20.106941323336528 173.04255872891784 r
2553.1303325338245 961.7631769120026 35.954149328284956 72.76076685476473 g
1177.3353639823126 2739.607707792038 43.87217259659614 215.41719277126657 y
3416.224991989949 2353.791945504425 58.32812264785538 161.4552296628212 y
2927.800942146216 695.9972876583827 44.33788343367442 153.39637439351404 b
3176.816067616583 2495.0186513453277 50.41270375695455 227.83023586595255 r
3413.799856233012 1922.4635112730018 40.84809758493754 123.50969574482741 r
2010.3517918936138 2077.9275751063806 18.07745550785502 81.57741007180006 r
236.89051454776643 229.3639699680301 27.876587663217144 251.29593246982117 y
1858.3207979330991 2419.729046646054 28.78508032621175 229.91443877396762 g
609.3252801317566 2851.9520645623247 24.485968564770495 158.39963614768527 y
2265.3083653538233 1587.961723688373 41.17844732036275 248.2494754311752 g
1973.019420402116 1385.8851987353464 20.188443308789875 199.3048682349068 r
1250.3823062499273 1298.2535577614358 35.162430093011636 186.2958712701749 r
523.5303874099206 1827.4949655963835 31.621767554295616 227.0618080550558 y
1722.6375318638318 624.227284071844 45.709768105190314 221.9835361500262 g
1091.381758183131 2924.029892608013 19.052173147997745 130.46562040536594 b
530.7323001529224 2907.868108242376 17.864031445755792 199.50911580349666 g
3507.256174284117 1305.4055963743397 46.79643607723355 251.6917155279882 y
803.2696345734083 1517.2056068957272 23.700073272548245 160.07431111458814 g
3627.557924492751 2818.7373389863333 21.35360129182161 91.3818583012596 r
495.24212077780527 1558.3870068488143 57.92316269520287 157.3461414521011 g
3835.1342947400535 2219.5237209567626 26.839971248128517 253.64471131199915 y
365.58267432890415 2776.6246613351254 29.871887572434225 122.6945725487111 b
3123.706763155123 1919.1024521325944 37.25653934849792 255.65708793730047 g
2137.4537097618536 1538.1320551233362 48.27421040705535 70.92739972141212 y
2812.040953991519 1521.1336170470831 16.92054462819265 66.8744835665347 y
2098.6332360185315 679.398063878127 30.449637558788602 226.5426497500937 r
859.5971958326038 1196.684253846624 63.776316831577425 175.42647072157976 r
821.2174452433629 2029.919992252372 13.783213442421268 124.46021073381362 g
758.8427886504911 2335.25216078371 34.51021027163639 129.94526039096039 g
1398.9793450255047 1986.6783094547793 62.70107035139533 110.3863705735826 y
2333.3260067385145 193.85452780887414 57.543593560815765 127.72351385229115 y
1448.0389232804187 743.6522303682318 13.507065967326582 196.34818672764735 r
2821.0539501906733 1247.8305382288115 48.62823750067638 134.8119076587144 b
1016.9239358264988 337.65139137022913 21.299863491320224 201.96360685190155 r
1463.234063987378 2475.4225070496914 48.48721679901552 171.80299602120016 b
2853.6515501743334 1882.8585109322394 46.38520057253197 204.01226634681154 b
1098.559109670333 1669.384543474457 60.71647040789399 252.1500805424636 g
300.947222930378 2707.18097041881 52.31267953120893 125.72455410959618 y
3619.4458109367242 2509.727513329832 24.51568541519924 216.77742365647302 y
896.2455263621214 460.7750717497582 48.00069137650934 91.89455503031502 b
3133.8201980357767 2753.799226652475 20.698276144339463 255.23526787969593 y
3826.925176687446 1456.9812841007276 28.741082156509414 105.25050515002746 y
1170.8107164763012 1081.3401050636733 47.464181450837486 89.40350459254054 y
2617.138142374623 2697.933507261818 32.273439169001485 129.125320558981 y
495.43919789387303 2398.739803612838 47.01504528367129 185.52902032179 y
2240.3602465822614 562.1887792334038 36.2832740478636 158.03214915605685 y
291.29305381351145 2627.8563756235044 16.78608076807487 241.89838242796566 b
742.1022633734719 2036.776464683309 32.88785527574248 109.1275171163297 y
726.5941325304932 1940.69661795023 35.20618786962802 96.14393335950832 r
2694.4581973115505 527.5761947511373 55.23999408577121 245.4370937091944 b
128.19358735729614 2162.11808370707 34.61438408479415 197.3357817223932 b
3868.6432265020007 2548.2166530701043 51.93285771700918 217.03264370540725 r
1026.4591196775298 255.83713207466752 60.673726169379435 126.4594597906874 y
3541.1382753882967 229.44097392267048 56.15287350640139 210.63041211179277 g
441.5610474850338 413.7816781156214 22.155476473655305 175.4911233442583 r
3539.6479817315535 2513.414375124229 19.22727557951435 256.3540811919123 b
1117.6856872191486 1895.7425510426847 23.038966622226116 83.19146779290992 g
2739.266181682835 892.6620211317713 59.78018883024689 224.64631544710315 y
2589.4926846225044 1341.5685725361664 54.14027911801691 193.69833372969893 g
443.14941551504285 2222.9305233907357 24.356304023297895 236.6782950970526 b
1902.2056590262162 846.7094916561084 57.61022107831203 208.9134656914511 b
889.7555794097451 1910.6880559900203 39.026988998421224 242.09218023984337 g
1476.596117758179 2120.8477474186316 41.31340851332509 143.73070726834953 g
2390.0886128038437 2069.7090775467823 58.81111311128702 169.25963740470024 y
2139.275113992255 1812.898647391793 22.305504237117674 250.16469868153874 y
580.8218130553175 1261.9965990499306 23.553531690830525 234.4641355873195 r
3803.7412756735876 2728.595474920411 24.55214765665368 124.48098050686059 r
2522.9077516278376 1695.3513997508528 43.355444863922095 92.5791823201151 g
2104.545141343109 2790.4988434420306 52.85590159861222 214.54888474131442 y
3898.027747083216 1497.3304980939236 21.086922631998096 71.49261383082982 b
454.19076488876397 2880.311700667267 52.17064556039666 136.62331167568348 g
900.4541147516676 2256.081924862733 29.519489244083687 105.59989438166114 y
687.6049689661747 1508.669110296846 24.804491153548643 145.5870385423039 y
1976.184567080951 557.938120957002 47.20330027110424 92.41585556461965 y
2742.9539484735296 1931.493438686541 22.566999919837535 222.37093168182145 r
632.4440383738162 1971.028935667246 43.12448371690755 169.52645079161746 g
2224.708736859042 971.6230009866568 59.93747972791582 137.841612559223 y
1973.058899013202 2723.1232651619243 41.42040282156077 247.17603436311072 r
2706.8491916372495 1201.351404241085 17.136308541193713 206.34693422016363 y
1464.043039913407 364.5299014930744 52.158622979283344 105.21847870620441 y
3040.988212547584 2457.4340386796825 34.676832965389465 198.85752912876686 g
1378.6307972577881 178.19093390108875 28.043638403104737 230.34894996149484 g
1256.190283012776 1537.5261747851246 40.17569636813195 93.47124308925238 y
2425.617342249663 843.0632178314181 24.994262588799423 155.16618651339365 b
707.3484914963007 2732.3387942496197 19.603341267516704 249.00493381669784 y
208.34878687736057 1173.1055052110494 20.938125742071694 208.80870303135407 b
3814.7728486264637 1240.5415347706817 29.929669950080964 91.68099053852585 r
1116.755277762743 65.0157533767729 59.567735255273675 80.83595673047947 b
525.4157324019167 1031.0871886336693 22.56198337310841 80.17045248681318 b
1703.1666574043056 2279.545700697529 34.51804345199879 163.81269080942235 y
1828.5527031939068 299.39838811158694 56.278125556401484 104.54314520433061 g
737.8306055133361 291.5855331170113 42.8744708506021 245.83534599177474 r
3141.875370935237 597.6991643960824 15.710347892702824 190.31952175681323 r
3554.6954579943003 2807.755488397768 39.04939408526889 198.8414697543448 g
1882.7380438996925 2679.4153967127336 23.974151503710303 104.87555780811765 y
1492.1747089213295 258.55313193389173 35.784954774883985 127.17916722240305 y
2084.5024724112336 1254.0939138713904 22.79263059774741 168.98456615603226 r
1565.0656105909738 1420.3468661825934 26.532639109468775 217.4213667843448 r
92.80073025835821 340.6467420206668 29.30986764793655 82.37564429953946 b
2905.0390919607207 1589.768192013137 46.50878317667641 188.44219672206196 b
3637.6928338579073 800.7801657557031 22.006570339943217 137.34626476143046 b
3259.3733889472746 2535.292676581609 40.0610286542932 171.47416493606426 b
3636.5237962120223 1108.6262086459276 25.514366487567003 177.42254933611463 r
2702.9865015219398 2023.3408815325213 35.718771902339306 211.68583219918972 g
3196.5255553605193 416.1243483760012 52.617984955232465 101.63114207490734 g
757.5487487547919 2888.7704906793265 39.097940118517286 152.1849181561665 g
2654.3262669960986 1712.358200544233 29.56610841529136 214.2732684708536 r
2047.409171721185 1923.156869241075 25.28159982495268 105.1871366061853 y
1763.463334004496 2448.100153799258 13.636063018044947 76.44089760985982 b
1966.9531678548644 1643.5480340181011 16.929592110156953 104.29190580349011 y
1825.3223127661702 1884.8004790359737 42.98722047289254 103.10445428704847 b
3599.1221038539547 1450.2429016852868 31.69165186654719 184.35017635030135 b
1151.9155879362409 2001.9216567682447 48.78076774669309 219.09696457970563 g
953.4804238236596 129.015236243468 14.636389570673654 148.23847021926125 r
951.330338654075 568.1962173256846 27.136857814041853 250.30393410242982 b
3621.577799736312 353.3008718906934 43.393057617125805 153.35481496721962 g
2914.6356518140656 980.0598601933011 57.61536137552174 234.33925880458568 r
1316.2522879171768 2019.946093398718 16.364510625532695 147.07553515892175 b
3171.6803880308903 2404.7869270075253 31.30937975351045 123.97102814718053 b
2228.238444041875 2196.059481029666 46.40890960421503 227.58567401492232 b
2079.11759493401 398.4159120142633 37.46324665738019 90.20738444853214 g
1474.551955817228 1921.1662561767876 19.803508027040465 253.3009064368508 y
862.4107829835373 1282.610384054131 17.477616882934793 65.46444346216741 y
68.17441110903255 282.17183759213384 17.58310296968958 173.86156364461172 r
3662.397594170836 1956.1035731522645 48.66433867605244 207.68527515450944 r
2958.0034744612362 433.9845833588768 14.307929496440774 130.62148783194965 b
2623.982753178763 1531.6732965650183 29.349982981792763 110.28268425428729 g
3431.3243501485294 2767.129644012635 17.706862616203026 167.7357423618496 r
304.05262525241915 2526.7357059485767 25.39232624908737 71.89289024161096 r
837.3546794605357 65.71699237672213 33.74717424003253 153.350985679874 b
142.49861397778486 2461.608104018471 26.333018128290504 236.42816969551038 g
802.9096421328479 363.7691117279145 22.86382525400562 119.97334689695145 r
1112.0653657109494 544.4267986487744 19.251675812596616 124.55288030515884 r
1886.8203183685548 2302.3520204721704 20.05198967756201 172.8696304357976 g
244.6199263771347 177.01369150740697 20.52731900397874 104.27648925158243 y
468.27515244626784 914.10292359333 39.8405412827459 98.72783657187999 r
2130.30791965275 607.3040755378976 19.471184338694385 102.29487676742106 r
828.0451513265015 596.0368877900438 24.61488863085662 120.72272173769642 b
3298.7319342449837 1299.8075555756375 38.51173523054749 150.45762014030007 r
1224.5498482386247 1462.6571228993062 17.488872093376756 76.55485415026656 r
1519.4264388307834 2757.6078975410733 13.281362153376074 120.39671418534614 b
2981.820230692345 2182.6742412128797 23.08802790440086 201.28463646601958 r
1895.7097694062486 143.07894850752868 27.948841609880027 76.75938279645554 y
93.5610329061074 1542.5880638587796 22.51737792801847 234.13519549749992 y
2572.4711336388605 82.32471493220939 40.57047236981298 208.24534795735283 b
1812.7674562319557 2858.943442274859 30.95384034196359 201.70366230568027 b
2396.5173778580993 461.39297895162315 27.630226897474184 102.63021954387122 b
1475.6075201875456 90.97015109775974 47.20763818273168 244.75284229214512 b
1615.458940663476 707.5295107167203 21.210559274015694 215.86134489459545 y
3022.63190712976 848.5019693814957 30.25492566492659 144.3171344098274 r
1246.6669730837664 65.13746199514881 29.10093498691875 134.41045750159535 b
3277.9719734847654 629.7821153402527 32.7503355684246 209.01061095293178 r
3097.1050033238434 2831.200178371292 30.34836708321736 138.754435583259 g
412.05401632080594 517.9376938521159 49.37971965469595 86.27662848124668 b
915.47524105545 1729.7202339457033 20.14073653240306 132.42353030861807 g
2870.4884675895178 2934.5216161792546 51.72736587286911 66.40973337346895 g
1376.1331896636043 397.488880343005 36.74110342864906 215.2377821642003 g
2559.211227567731 1609.0758890622922 41.611227890561324 256.64936071525284 r
3904.812151051051 113.03911566219915 41.99869918263005 113.56308299086515 b
1484.2650767718744 2007.4249216101473 17.865103249006822 208.94202531152425 r
1129.0750884109038 376.7487242855181 22.1183440957198 144.33460413406243 y
1497.913614714769 1686.8180175879027 25.897402694435836 202.71487142527766 y
1898.419403721803 1484.129904348024 57.219087782124625 171.71709326093648 r
3652.5751933764295 1029.3706754942639 13.339921718955093 94.93791323432389 y
134.96150199718215 1896.698154358475 15.866321945268778 195.8227128408224 y
1002.3156095587842 952.416502869032 13.756570202187724 192.3413601702333 r
3084.308754365273 1847.802312298545 30.221390804420018 203.1895653820255 y
3576.1379689370647 2118.413323444758 16.08290535708649 129.3972172292842 b
1841.2452997139033 2788.264847594927 24.5598070219067 129.003100905081 r
3161.181852025192 2126.48974237325 13.732455407832166 224.0871726992188 r
1939.5811878063842 693.1396743150273 47.4474489154379 76.14127624273098 b
123.77184908275085 641.2385411995422 18.867538892804788 241.1380978683157 b
3496.677577766938 915.6644182545693 25.37344729412244 126.97356944711753 g
1179.4655822510213 1902.5801073331393 17.047089249727314 65.28745078138607 y
3251.1887392199646 2243.308606105681 13.56438794518679 184.35524932170756 b
1268.8989876752946 328.066099316581 14.65443763875312 199.4941615162306 y
2199.9402813161014 2752.6425736587184 36.17875793020585 154.12897260002177 r
2153.8188547170957 1603.144749738238 13.646099374501274 253.96688430526456 r
1410.1855504244809 1627.8623673336851 14.312055949354775 181.6549264258088 r
407.3276418350975 635.2222327715411 20.769395852233963 123.88337867374814 b
2343.1611993444476 2809.7303270247353 40.794949355729116 244.31289911945862 g
3018.4879452399955 755.2068189130563 52.972473853207184 198.34181631077178 y
716.7720080053441 1873.6162616379404 19.762925122383287 78.65069569665664 b
3845.044038282795 1351.0920433230388 60.246989531003955 71.94166836800866 y
1049.617734568134 1015.3827091119671 40.4550317055401 145.4276690458876 r
699.3441037064065 1286.8772753657552 55.63295186546249 86.94958163632327 y
3629.999522526706 246.92316863060714 17.78540151054625 181.6735007088892 r
3541.5655006393204 1729.3166965598384 44.93112367748252 201.73019359007412 y
3452.1326462089974 1410.0080601640914 57.76080789897494 127.64378469591787 g
3716.344217039566 1134.9263153463455 57.247787390349735 89.75004953553392 g
762.6210817283683 452.2546224982167 44.23361875681218 173.22856841731738 g
3253.7531356239656 1432.8594705633882 59.01456923427041 107.09590176240751 g
1044.588858892349 2910.590645375462 16.33676163892152 94.6322380026582 g
2079.6240706017493 2888.597204601789 32.37913638437711 233.01282333768705 b
2680.487829417599 2266.639763533967 32.0043644708264 169.75626444648265 g
1955.5546082592734 1907.6986425950656 43.17954115654777 162.70856086901745 r
3467.413644620345 2563.174887699359 56.82111946581921 162.11301140098882 g
337.894380112278 763.7938041634773 40.45576081314697 116.53585172986567 r
1329.4998003472447 1672.163358982336 35.64977070064241 110.06961632873094 g
1318.0075054304546 2117.588902985567 14.345467459647258 183.30500902008987 y
85.03333871753149 2065.713103082012 19.559962228903533 84.96162491979334 b
1932.8331914267394 2004.587526570954 26.201292822203243 183.39363028446195 r
1302.2632312619166 2663.5104853502394 34.70195747773132 87.50083105270494 b
3662.5569837104426 139.73799167013544 29.068623058320775 110.11332832787375 y
3440.2558636434555 1746.1180791757004 13.360073054559019 184.33206244764995 y
573.5267298882704 1087.908764272459 20.176251218675304 112.87175686573767 r
1
1.0 352
